{"producer":{"name":"Blender","version":"2.79 (sub 0)","exporter_version":"5.6.4","file":"arm.babylon"},
"autoClear":true,"clearColor":[0.0509,0.0509,0.0509],"ambientColor":[0,0,0],"gravity":[0,-9.81,0],
"materials":[{"name":"arm.Plane.000","id":"arm.Plane.000","ambient":[0,0,0],"diffuse":[0.8,0.8,0.8],"specular":[1,1,1],"emissive":[0,0,0],"specularPower":64,"alpha":1,"backFaceCulling":false,"checkReadyOnlyOnce":false,"maxSimultaneousLights":4}],
"multiMaterials":[],
"skeletons":[{"name":"Armature","id":0,"dimensionsAtRest":[0.2664,0.3061,0.2131],"bones":[
{"name":"Bone","index":0,"matrix":[-0.4215,0.3127,0.8512,0,-0.4835,-0.8716,0.0808,0,-0.7672,0.3775,-0.5185,0,-1.7232,0.9503,-0.0046,1],"rest":[-0.4215,0.3127,0.8512,0,-0.4835,-0.8716,0.0808,0,-0.7672,0.3775,-0.5185,0,-1.7232,0.9503,-0.0046,1],"parentBoneIndex":-1,"length":0.1226
,"animation":{"dataType":3,"framePerSecond":24,"keys":[
{"frame":1,"values":[-0.4215,0.3127,0.8512,0,-0.4835,-0.8716,0.0808,0,-0.7672,0.3775,-0.5185,0,-1.7232,0.9503,-0.0046,1]},
{"frame":51,"values":[-0.4215,0.3127,0.8512,0,-0.4835,-0.8716,0.0808,0,-0.7672,0.3775,-0.5185,0,-1.7232,0.9503,-0.0046,1]}],"loopBehavior":1,"name":"anim","property":"_matrix"}},
{"name":"Bone.002","index":1,"matrix":[0.8896,0.0768,0.4502,0,-0.1397,0.9843,0.1082,0,-0.4348,-0.1592,0.8864,0,0.0033,0.1385,0.0828,1],"rest":[0.8896,0.0768,0.4502,0,-0.1397,0.9843,0.1082,0,-0.4348,-0.1592,0.8864,0,0.0033,0.1385,0.0828,1],"parentBoneIndex":0,"length":0.0828
,"animation":{"dataType":3,"framePerSecond":24,"keys":[
{"frame":1,"values":[0.8896,0.0768,0.4502,0,-0.1397,0.9843,0.1082,0,-0.4348,-0.1592,0.8864,0,0.0033,0.1385,0.0828,1]},
{"frame":51,"values":[0.8896,0.0768,0.4502,0,-0.1397,0.9843,0.1082,0,-0.4348,-0.1592,0.8864,0,0.0033,0.1385,0.0828,1]}],"loopBehavior":1,"name":"anim","property":"_matrix"}},
{"name":"Bone.003","index":2,"matrix":[0.4614,0.7937,0.3965,0,-0.8292,0.5447,-0.1253,0,-0.3154,-0.271,0.9094,0,0,0.0828,0,1],"rest":[0.9202,0.0344,0.3899,0,-0.103,0.9823,0.1564,0,-0.3776,-0.184,0.9075,0,0,0.0828,0,1],"parentBoneIndex":1,"length":0.07
,"animation":{"dataType":3,"framePerSecond":24,"keys":[
{"frame":1,"values":[0.9202,0.0344,0.3899,0,-0.103,0.9823,0.1564,0,-0.3776,-0.184,0.9075,0,0,0.0828,0,1]},
{"frame":2,"values":[0.9118,-0.0438,0.4082,0,-0.035,0.9824,0.1834,0,-0.4091,-0.1815,0.8943,0,0,0.0828,0,1]},
{"frame":3,"values":[0.8495,-0.278,0.4484,0,0.166,0.9476,0.273,0,-0.5008,-0.1574,0.8511,0,0,0.0828,0,1]},
{"frame":4,"values":[0.6582,-0.5956,0.4605,0,0.4302,0.7995,0.4191,0,-0.6178,-0.0777,0.7825,0,0,0.0828,0,1]},
{"frame":5,"values":[0.3748,-0.8301,0.4129,0,0.6144,0.5559,0.5599,0,-0.6943,0.0438,0.7184,0,0,0.0828,0,1]},
{"frame":6,"values":[0.1558,-0.9231,0.3516,0,0.6792,0.3586,0.6404,0,-0.7172,0.139,0.6828,0,0,0.0828,0,1]},
{"frame":7,"values":[0.0812,-0.9415,0.3271,0,0.6896,0.29,0.6636,0,-0.7196,0.1717,0.6728,0,0,0.0828,0,1]},
{"frame":8,"values":[0.1558,-0.9231,0.3516,0,0.6792,0.3586,0.6404,0,-0.7172,0.139,0.6828,0,0,0.0828,0,1]},
{"frame":9,"values":[0.3748,-0.8301,0.4129,0,0.6144,0.5559,0.5599,0,-0.6943,0.0438,0.7184,0,0,0.0828,0,1]},
{"frame":10,"values":[0.6582,-0.5956,0.4605,0,0.4302,0.7995,0.4191,0,-0.6178,-0.0777,0.7825,0,0,0.0828,0,1]},
{"frame":11,"values":[0.8495,-0.278,0.4484,0,0.166,0.9476,0.273,0,-0.5008,-0.1574,0.8511,0,0,0.0828,0,1]},
{"frame":12,"values":[0.9118,-0.0438,0.4082,0,-0.035,0.9824,0.1834,0,-0.4091,-0.1815,0.8943,0,0,0.0828,0,1]},
{"frame":13,"values":[0.9202,0.0344,0.3899,0,-0.103,0.9823,0.1564,0,-0.3776,-0.184,0.9075,0,0,0.0828,0,1]},
{"frame":24,"values":[0.9024,0.1472,0.405,0,-0.2133,0.9692,0.1231,0,-0.3744,-0.1975,0.906,0,0,0.0828,0,1]},
{"frame":25,"values":[0.776,0.465,0.4262,0,-0.5205,0.8537,0.0163,0,-0.3562,-0.2345,0.9045,0,0,0.0828,0,1]},
{"frame":26,"values":[0.4614,0.7937,0.3965,0,-0.8292,0.5447,-0.1253,0,-0.3154,-0.271,0.9094,0,0,0.0828,0,1]},
{"frame":27,"values":[0.1532,0.9299,0.3344,0,-0.9485,0.2333,-0.2143,0,-0.2773,-0.2843,0.9178,0,0,0.0828,0,1]},
{"frame":28,"values":[0.0432,0.9507,0.3072,0,-0.9636,0.1209,-0.2385,0,-0.2639,-0.2857,0.9213,0,0,0.0828,0,1]},
{"frame":38,"values":[0.057,0.9488,0.3108,0,-0.9624,0.135,-0.2357,0,-0.2656,-0.2856,0.9208,0,0,0.0828,0,1]},
{"frame":39,"values":[0.099,0.9418,0.3213,0,-0.9576,0.178,-0.2267,0,-0.2707,-0.2852,0.9195,0,0,0.0828,0,1]},
{"frame":40,"values":[0.1695,0.9257,0.3382,0,-0.9451,0.2499,-0.2104,0,-0.2793,-0.284,0.9173,0,0,0.0828,0,1]},
{"frame":41,"values":[0.2667,0.8941,0.3598,0,-0.9187,0.3486,-0.1854,0,-0.2912,-0.2811,0.9144,0,0,0.0828,0,1]},
{"frame":42,"values":[0.3848,0.8397,0.3832,0,-0.8709,0.4678,-0.1507,0,-0.3058,-0.2758,0.9113,0,0,0.0828,0,1]},
{"frame":43,"values":[0.513,0.7571,0.4045,0,-0.7957,0.5962,-0.1068,0,-0.322,-0.2671,0.9083,0,0,0.0828,0,1]},
{"frame":44,"values":[0.6365,0.6471,0.4195,0,-0.6933,0.7184,-0.0562,0,-0.3378,-0.2551,0.906,0,0,0.0828,0,1]},
{"frame":45,"values":[0.7414,0.5185,0.426,0,-0.5716,0.8205,-0.0039,0,-0.3516,-0.2406,0.9047,0,0,0.0828,0,1]},
{"frame":46,"values":[0.8193,0.3857,0.4242,0,-0.4445,0.8947,0.045,0,-0.3622,-0.2254,0.9044,0,0,0.0828,0,1]},
{"frame":47,"values":[0.8699,0.2639,0.4167,0,-0.3268,0.9412,0.0863,0,-0.3694,-0.2112,0.905,0,0,0.0828,0,1]},
{"frame":48,"values":[0.8986,0.1639,0.4069,0,-0.2296,0.9661,0.118,0,-0.3738,-0.1994,0.9058,0,0,0.0828,0,1]},
{"frame":49,"values":[0.9128,0.0916,0.398,0,-0.159,0.9773,0.1398,0,-0.3762,-0.1909,0.9067,0,0,0.0828,0,1]},
{"frame":50,"values":[0.9187,0.0485,0.392,0,-0.1168,0.9814,0.1523,0,-0.3773,-0.1857,0.9073,0,0,0.0828,0,1]},
{"frame":51,"values":[0.9202,0.0344,0.3899,0,-0.103,0.9823,0.1564,0,-0.3776,-0.184,0.9075,0,0,0.0828,0,1]}],"loopBehavior":1,"name":"anim","property":"_matrix"}},
{"name":"Bone.004","index":3,"matrix":[0.4848,0.8745,-0.0181,0,-0.848,0.4648,-0.2545,0,-0.2141,0.1387,0.9669,0,0,0.07,0,1],"rest":[0.996,-0.0155,0.0882,0,0.0505,0.9107,-0.41,0,-0.074,0.4128,0.9078,0,0,0.07,0,1],"parentBoneIndex":2,"length":0.0417
,"animation":{"dataType":3,"framePerSecond":24,"keys":[
{"frame":1,"values":[0.996,-0.0155,0.0882,0,0.0505,0.9107,-0.41,0,-0.074,0.4128,0.9078,0,0,0.07,0,1]},
{"frame":14,"values":[0.9944,0.076,0.0727,0,-0.0405,0.9145,-0.4026,0,-0.0971,0.3974,0.9125,0,0,0.07,0,1]},
{"frame":15,"values":[0.9405,0.3382,0.0329,0,-0.3024,0.8772,-0.373,0,-0.155,0.3409,0.9272,0,0,0.07,0,1]},
{"frame":16,"values":[0.7645,0.6447,-0.0037,0,-0.6118,0.7236,-0.3195,0,-0.2033,0.2465,0.9476,0,0,0.07,0,1]},
{"frame":17,"values":[0.5638,0.8258,-0.0168,0,-0.7974,0.5389,-0.2716,0,-0.2152,0.1665,0.9623,0,0,0.07,0,1]},
{"frame":18,"values":[0.4848,0.8745,-0.0181,0,-0.848,0.4648,-0.2545,0,-0.2141,0.1387,0.9669,0,0,0.07,0,1]},
{"frame":38,"values":[0.4949,0.8688,-0.018,0,-0.8421,0.4744,-0.2566,0,-0.2144,0.1422,0.9663,0,0,0.07,0,1]},
{"frame":39,"values":[0.5254,0.8507,-0.0176,0,-0.8232,0.503,-0.2632,0,-0.215,0.1528,0.9646,0,0,0.07,0,1]},
{"frame":40,"values":[0.5752,0.8179,-0.0164,0,-0.7892,0.5495,-0.2741,0,-0.2152,0.1706,0.9616,0,0,0.07,0,1]},
{"frame":41,"values":[0.641,0.7674,-0.0137,0,-0.7372,0.6106,-0.2891,0,-0.2135,0.1954,0.9572,0,0,0.07,0,1]},
{"frame":42,"values":[0.7172,0.6968,-0.0084,0,-0.665,0.6807,-0.3075,0,-0.2085,0.2261,0.9515,0,0,0.07,0,1]},
{"frame":43,"values":[0.7954,0.6061,0.0001,0,-0.5726,0.7515,-0.3277,0,-0.1987,0.2606,0.9448,0,0,0.07,0,1]},
{"frame":44,"values":[0.8664,0.4991,0.012,0,-0.4643,0.8144,-0.348,0,-0.1835,0.2959,0.9374,0,0,0.07,0,1]},
{"frame":45,"values":[0.9229,0.3841,0.0266,0,-0.3485,0.8627,-0.3665,0,-0.1637,0.3289,0.93,0,0,0.07,0,1]},
{"frame":46,"values":[0.9615,0.2715,0.0424,0,-0.2356,0.8937,-0.3818,0,-0.1415,0.3571,0.9233,0,0,0.07,0,1]},
{"frame":47,"values":[0.9836,0.171,0.0575,0,-0.1351,0.9094,-0.3933,0,-0.1196,0.3791,0.9176,0,0,0.07,0,1]},
{"frame":48,"values":[0.9935,0.0896,0.0705,0,-0.054,0.9143,-0.4014,0,-0.1004,0.3949,0.9132,0,0,0.07,0,1]},
{"frame":49,"values":[0.9963,0.0309,0.0803,0,0.0044,0.9137,-0.4064,0,-0.0859,0.4053,0.9102,0,0,0.07,0,1]},
{"frame":50,"values":[0.9963,-0.004,0.0862,0,0.0391,0.9116,-0.4091,0,-0.0769,0.411,0.9084,0,0,0.07,0,1]},
{"frame":51,"values":[0.996,-0.0155,0.0882,0,0.0505,0.9107,-0.41,0,-0.074,0.4128,0.9078,0,0,0.07,0,1]}],"loopBehavior":1,"name":"anim","property":"_matrix"}},
{"name":"Bone.005","index":4,"matrix":[-0.4308,0.1336,-0.8925,0,-0.0056,0.9886,0.1507,0,0.9024,0.0699,-0.4251,0,0,0.0417,0,1],"rest":[-0.4308,0.1336,-0.8925,0,-0.0056,0.9886,0.1507,0,0.9024,0.0699,-0.4251,0,0,0.0417,0,1],"parentBoneIndex":3,"length":0.0554
,"animation":{"dataType":3,"framePerSecond":24,"keys":[
{"frame":1,"values":[-0.4308,0.1336,-0.8925,0,-0.0056,0.9886,0.1507,0,0.9024,0.0699,-0.4251,0,0,0.0417,0,1]},
{"frame":51,"values":[-0.4308,0.1336,-0.8925,0,-0.0056,0.9886,0.1507,0,0.9024,0.0699,-0.4251,0,0,0.0417,0,1]}],"loopBehavior":1,"name":"anim","property":"_matrix"}},
{"name":"Bone.001","index":5,"matrix":[0.6924,-0.6497,0.3139,0,0.2978,0.6536,0.6958,0,-0.6572,-0.3882,0.646,0,0,0.1226,0,1],"rest":[0.6924,-0.6497,0.3139,0,0.2978,0.6536,0.6958,0,-0.6572,-0.3882,0.646,0,0,0.1226,0,1],"parentBoneIndex":0,"length":0.1094
,"animation":{"dataType":3,"framePerSecond":24,"keys":[
{"frame":1,"values":[0.6924,-0.6497,0.3139,0,0.2978,0.6536,0.6958,0,-0.6572,-0.3882,0.646,0,0,0.1226,0,1]},
{"frame":51,"values":[0.6924,-0.6497,0.3139,0,0.2978,0.6536,0.6958,0,-0.6572,-0.3882,0.646,0,0,0.1226,0,1]}],"loopBehavior":1,"name":"anim","property":"_matrix"}},
{"name":"Bone.006","index":6,"matrix":[-0.0729,-0.401,-0.9132,0,-0.5777,0.7634,-0.2891,0,0.813,0.5064,-0.2873,0,0,0.1094,0,1],"rest":[-0.0729,-0.401,-0.9132,0,-0.5777,0.7634,-0.2891,0,0.813,0.5064,-0.2873,0,0,0.1094,0,1],"parentBoneIndex":5,"length":0.0615
,"animation":{"dataType":3,"framePerSecond":24,"keys":[
{"frame":1,"values":[-0.0729,-0.401,-0.9132,0,-0.5777,0.7634,-0.2891,0,0.813,0.5064,-0.2873,0,0,0.1094,0,1]},
{"frame":51,"values":[-0.0729,-0.401,-0.9132,0,-0.5777,0.7634,-0.2891,0,0.813,0.5064,-0.2873,0,0,0.1094,0,1]}],"loopBehavior":1,"name":"anim","property":"_matrix"}},
{"name":"Bone.007","index":7,"matrix":[0.3394,0.704,0.6238,0,0.3667,0.5117,-0.777,0,-0.8662,0.4924,-0.0845,0,0,0.0615,0,1],"rest":[0.3483,0.0953,0.9325,0,0.1061,0.9844,-0.1402,0,-0.9314,0.1478,0.3327,0,0,0.0615,0,1],"parentBoneIndex":6,"length":0.0528
,"animation":{"dataType":3,"framePerSecond":24,"keys":[
{"frame":1,"values":[0.3483,0.0953,0.9325,0,0.1061,0.9844,-0.1402,0,-0.9314,0.1478,0.3327,0,0,0.0615,0,1]},
{"frame":2,"values":[0.3279,0.0321,0.9441,0,0.071,0.9958,-0.0585,0,-0.942,0.0862,0.3243,0,0,0.0615,0,1]},
{"frame":3,"values":[0.2798,-0.1703,0.9449,0,-0.0481,0.9804,0.1909,0,-0.9589,-0.0989,0.2661,0,0,0.0615,0,1]},
{"frame":4,"values":[0.2552,-0.4722,0.8437,0,-0.2442,0.8129,0.5288,0,-0.9355,-0.341,0.0921,0,0,0.0615,0,1]},
{"frame":5,"values":[0.2941,-0.7125,0.637,0,-0.4229,0.5007,0.7553,0,-0.8571,-0.4915,-0.1541,0,0,0.0615,0,1]},
{"frame":6,"values":[0.3502,-0.8136,0.4641,0,-0.5135,0.2476,0.8216,0,-0.7834,-0.5261,-0.3311,0,0,0.0615,0,1]},
{"frame":7,"values":[0.3728,-0.8352,0.4044,0,-0.5369,0.1613,0.8281,0,-0.7568,-0.5258,-0.3882,0,0,0.0615,0,1]},
{"frame":8,"values":[0.3502,-0.8136,0.4641,0,-0.5135,0.2476,0.8216,0,-0.7834,-0.5261,-0.3311,0,0,0.0615,0,1]},
{"frame":9,"values":[0.2941,-0.7125,0.637,0,-0.4229,0.5007,0.7553,0,-0.8571,-0.4915,-0.1541,0,0,0.0615,0,1]},
{"frame":10,"values":[0.2552,-0.4722,0.8437,0,-0.2442,0.8129,0.5288,0,-0.9355,-0.341,0.0921,0,0,0.0615,0,1]},
{"frame":11,"values":[0.2798,-0.1703,0.9449,0,-0.0481,0.9804,0.1909,0,-0.9589,-0.0989,0.2661,0,0,0.0615,0,1]},
{"frame":12,"values":[0.3279,0.0321,0.9441,0,0.071,0.9958,-0.0585,0,-0.942,0.0862,0.3243,0,0,0.0615,0,1]},
{"frame":13,"values":[0.3483,0.0953,0.9325,0,0.1061,0.9844,-0.1402,0,-0.9314,0.1478,0.3327,0,0,0.0615,0,1]},
{"frame":24,"values":[0.3367,0.183,0.9237,0,0.1392,0.9605,-0.241,0,-0.9313,0.2097,0.2979,0,0,0.0615,0,1]},
{"frame":25,"values":[0.3197,0.4329,0.8428,0,0.2403,0.8234,-0.5141,0,-0.9165,0.3669,0.1592,0,0,0.0615,0,1]},
{"frame":26,"values":[0.3394,0.704,0.6238,0,0.3667,0.5117,-0.777,0,-0.8662,0.4924,-0.0845,0,0,0.0615,0,1]},
{"frame":27,"values":[0.3837,0.833,0.3987,0,0.4421,0.2133,-0.8712,0,-0.8107,0.5106,-0.2864,0,0,0.0615,0,1]},
{"frame":28,"values":[0.4035,0.8587,0.3159,0,0.4619,0.1068,-0.8805,0,-0.7898,0.5012,-0.3536,0,0,0.0615,0,1]},
{"frame":38,"values":[0.4009,0.856,0.3264,0,0.4596,0.1202,-0.8799,0,-0.7925,0.5028,-0.3452,0,0,0.0615,0,1]},
{"frame":39,"values":[0.3932,0.8468,0.3581,0,0.4523,0.1609,-0.8772,0,-0.8005,0.5069,-0.3197,0,0,0.0615,0,1]},
{"frame":40,"values":[0.381,0.8283,0.4109,0,0.4388,0.2291,-0.8689,0,-0.8138,0.5113,-0.2762,0,0,0.0615,0,1]},
{"frame":41,"values":[0.3654,0.7959,0.4827,0,0.418,0.3231,-0.8491,0,-0.8317,0.512,-0.2146,0,0,0.0615,0,1]},
{"frame":42,"values":[0.3487,0.7449,0.5688,0,0.3885,0.4374,-0.811,0,-0.8529,0.5038,-0.1369,0,0,0.0615,0,1]},
{"frame":43,"values":[0.3338,0.6725,0.6606,0,0.3505,0.562,-0.7492,0,-0.875,0.4817,-0.0481,0,0,0.0615,0,1]},
{"frame":44,"values":[0.3236,0.5803,0.7474,0,0.306,0.6833,-0.6629,0,-0.8954,0.4432,0.0435,0,0,0.0615,0,1]},
{"frame":45,"values":[0.3196,0.4757,0.8195,0,0.2588,0.7881,-0.5584,0,-0.9115,0.3906,0.1287,0,0,0.0615,0,1]},
{"frame":46,"values":[0.3216,0.37,0.8716,0,0.2138,0.8684,-0.4475,0,-0.9224,0.3302,0.2001,0,0,0.0615,0,1]},
{"frame":47,"values":[0.3276,0.2741,0.9042,0,0.1748,0.9229,-0.3431,0,-0.9285,0.2704,0.2544,0,0,0.0615,0,1]},
{"frame":48,"values":[0.3352,0.196,0.9215,0,0.1442,0.9559,-0.2558,0,-0.9311,0.2186,0.2921,0,0,0.0615,0,1]},
{"frame":49,"values":[0.342,0.1397,0.9292,0,0.1227,0.9738,-0.1916,0,-0.9316,0.1796,0.3159,0,0,0.0615,0,1]},
{"frame":50,"values":[0.3467,0.1062,0.932,0,0.1102,0.9821,-0.1529,0,-0.9315,0.1557,0.3287,0,0,0.0615,0,1]},
{"frame":51,"values":[0.3483,0.0953,0.9325,0,0.1061,0.9844,-0.1402,0,-0.9314,0.1478,0.3327,0,0,0.0615,0,1]}],"loopBehavior":1,"name":"anim","property":"_matrix"}},
{"name":"Bone.008","index":8,"matrix":[0.7763,0.0919,-0.6236,0,-0.5345,0.6204,-0.574,0,0.3341,0.7789,0.5307,0,0,0.0528,0,1],"rest":[0.6879,-0.051,-0.724,0,0.0197,0.9985,-0.0516,0,0.7255,0.0212,0.6879,0,0,0.0528,0,1],"parentBoneIndex":7,"length":0.0893
,"animation":{"dataType":3,"framePerSecond":24,"keys":[
{"frame":1,"values":[0.6879,-0.051,-0.724,0,0.0197,0.9985,-0.0516,0,0.7255,0.0212,0.6879,0,0,0.0528,0,1]},
{"frame":14,"values":[0.6997,-0.0439,-0.7131,0,-0.0392,0.9942,-0.0997,0,0.7134,0.0977,0.6939,0,0,0.0528,0,1]},
{"frame":15,"values":[0.7301,-0.0168,-0.6831,0,-0.2024,0.9495,-0.2397,0,0.6527,0.3133,0.6898,0,0,0.0528,0,1]},
{"frame":16,"values":[0.7599,0.0312,-0.6493,0,-0.3889,0.8223,-0.4155,0,0.521,0.5682,0.637,0,0,0.0528,0,1]},
{"frame":17,"values":[0.7736,0.0755,-0.6292,0,-0.5024,0.6783,-0.5362,0,0.3863,0.7309,0.5626,0,0,0.0528,0,1]},
{"frame":18,"values":[0.7763,0.0919,-0.6236,0,-0.5345,0.6204,-0.574,0,0.3341,0.7789,0.5307,0,0,0.0528,0,1]},
{"frame":38,"values":[0.776,0.0898,-0.6243,0,-0.5307,0.6279,-0.5693,0,0.3408,0.7731,0.5349,0,0,0.0528,0,1]},
{"frame":39,"values":[0.7751,0.0835,-0.6264,0,-0.5187,0.6503,-0.5551,0,0.3609,0.7551,0.5473,0,0,0.0528,0,1]},
{"frame":40,"values":[0.7731,0.0731,-0.6301,0,-0.4973,0.6865,-0.5305,0,0.3938,0.7234,0.5671,0,0,0.0528,0,1]},
{"frame":41,"values":[0.7696,0.059,-0.6358,0,-0.4651,0.7341,-0.4948,0,0.4375,0.6765,0.5924,0,0,0.0528,0,1]},
{"frame":42,"values":[0.7642,0.0422,-0.6436,0,-0.421,0.7886,-0.4482,0,0.4886,0.6135,0.6204,0,0,0.0528,0,1]},
{"frame":43,"values":[0.7565,0.0238,-0.6536,0,-0.3653,0.8443,-0.392,0,0.5425,0.5353,0.6474,0,0,0.0528,0,1]},
{"frame":44,"values":[0.7465,0.0056,-0.6653,0,-0.3003,0.8952,-0.3294,0,0.5937,0.4457,0.67,0,0,0.0528,0,1]},
{"frame":45,"values":[0.735,-0.011,-0.678,0,-0.2304,0.9364,-0.2649,0,0.6378,0.3509,0.6857,0,0,0.0528,0,1]},
{"frame":46,"values":[0.7228,-0.0247,-0.6906,0,-0.1615,0.9656,-0.2036,0,0.6719,0.2587,0.694,0,0,0.0528,0,1]},
{"frame":47,"values":[0.7112,-0.0353,-0.7021,0,-0.0992,0.9837,-0.1499,0,0.6959,0.1763,0.6962,0,0,0.0528,0,1]},
{"frame":48,"values":[0.7014,-0.0427,-0.7115,0,-0.0479,0.9931,-0.1069,0,0.7112,0.109,0.6945,0,0,0.0528,0,1]},
{"frame":49,"values":[0.694,-0.0475,-0.7184,0,-0.0104,0.9971,-0.076,0,0.7199,0.0602,0.6914,0,0,0.0528,0,1]},
{"frame":50,"values":[0.6894,-0.0501,-0.7226,0,0.0122,0.9983,-0.0576,0,0.7243,0.0309,0.6888,0,0,0.0528,0,1]},
{"frame":51,"values":[0.6879,-0.051,-0.724,0,0.0197,0.9985,-0.0516,0,0.7255,0.0212,0.6879,0,0,0.0528,0,1]}],"loopBehavior":1,"name":"anim","property":"_matrix"}},
{"name":"Bone.009","index":9,"matrix":[0.3968,0.1131,-0.9109,0,0.6855,0.6234,0.376,0,0.6104,-0.7737,0.1698,0,0,0.1226,0,1],"rest":[0.3968,0.1131,-0.9109,0,0.6855,0.6234,0.376,0,0.6104,-0.7737,0.1698,0,0,0.1226,0,1],"parentBoneIndex":0,"length":0.1345
,"animation":{"dataType":3,"framePerSecond":24,"keys":[
{"frame":1,"values":[0.3968,0.1131,-0.9109,0,0.6855,0.6234,0.376,0,0.6104,-0.7737,0.1698,0,0,0.1226,0,1]},
{"frame":51,"values":[0.3968,0.1131,-0.9109,0,0.6855,0.6234,0.376,0,0.6104,-0.7737,0.1698,0,0,0.1226,0,1]}],"loopBehavior":1,"name":"anim","property":"_matrix"}},
{"name":"Bone.011","index":10,"matrix":[0.922,-0.3662,-0.1258,0,0.2012,0.7307,-0.6524,0,0.3308,0.5762,0.7474,0,0.0445,0.1236,0.0149,1],"rest":[0.922,-0.3662,-0.1258,0,0.2012,0.7307,-0.6524,0,0.3308,0.5762,0.7474,0,0.0445,0.1236,0.0149,1],"parentBoneIndex":9,"length":0.0502
,"animation":{"dataType":3,"framePerSecond":24,"keys":[
{"frame":1,"values":[0.922,-0.3662,-0.1258,0,0.2012,0.7307,-0.6524,0,0.3308,0.5762,0.7474,0,0.0445,0.1236,0.0149,1]},
{"frame":51,"values":[0.922,-0.3662,-0.1258,0,0.2012,0.7307,-0.6524,0,0.3308,0.5762,0.7474,0,0.0445,0.1236,0.0149,1]}],"loopBehavior":1,"name":"anim","property":"_matrix"}},
{"name":"Bone.012","index":11,"matrix":[0.9996,-0.0105,-0.0265,0,0.0112,0.9996,0.0258,0,0.0262,-0.0261,0.9993,0,0,0.0502,0,1],"rest":[0.919,0.3936,0.0217,0,-0.3729,0.85,0.372,0,0.128,-0.35,0.928,0,0,0.0502,0,1],"parentBoneIndex":10,"length":0.0296
,"animation":{"dataType":3,"framePerSecond":24,"keys":[
{"frame":1,"values":[0.919,0.3936,0.0217,0,-0.3729,0.85,0.372,0,0.128,-0.35,0.928,0,0,0.0502,0,1]},
{"frame":2,"values":[0.889,0.4549,0.0528,0,-0.433,0.7975,0.4202,0,0.1491,-0.3964,0.9059,0,0,0.0502,0,1]},
{"frame":3,"values":[0.7692,0.616,0.1701,0,-0.5944,0.592,0.5442,0,0.2346,-0.5197,0.8215,0,0,0.0502,0,1]},
{"frame":4,"values":[0.5252,0.7545,0.3936,0,-0.7444,0.1834,0.642,0,0.4122,-0.6302,0.658,0,0,0.0502,0,1]},
{"frame":5,"values":[0.2544,0.7355,0.6279,0,-0.7483,-0.2616,0.6096,0,0.6126,-0.6249,0.4839,0,0,0.0502,0,1]},
{"frame":6,"values":[0.0907,0.6402,0.7628,0,-0.6716,-0.5262,0.5215,0,0.7353,-0.5596,0.3823,0,0,0.0502,0,1]},
{"frame":7,"values":[0.0428,0.5971,0.801,0,-0.6348,-0.6029,0.4833,0,0.7715,-0.5292,0.3532,0,0,0.0502,0,1]},
{"frame":8,"values":[0.0907,0.6402,0.7628,0,-0.6716,-0.5262,0.5215,0,0.7353,-0.5596,0.3823,0,0,0.0502,0,1]},
{"frame":9,"values":[0.2544,0.7355,0.6279,0,-0.7483,-0.2616,0.6096,0,0.6126,-0.6249,0.4839,0,0,0.0502,0,1]},
{"frame":10,"values":[0.5252,0.7545,0.3936,0,-0.7444,0.1834,0.642,0,0.4122,-0.6302,0.658,0,0,0.0502,0,1]},
{"frame":11,"values":[0.7692,0.616,0.1701,0,-0.5944,0.592,0.5442,0,0.2346,-0.5197,0.8215,0,0,0.0502,0,1]},
{"frame":12,"values":[0.889,0.4549,0.0528,0,-0.433,0.7975,0.4202,0,0.1491,-0.3964,0.9059,0,0,0.0502,0,1]},
{"frame":13,"values":[0.919,0.3936,0.0217,0,-0.3729,0.85,0.372,0,0.128,-0.35,0.928,0,0,0.0502,0,1]},
{"frame":24,"values":[0.9388,0.3443,0.007,0,-0.3272,0.8855,0.3299,0,0.1074,-0.312,0.944,0,0,0.0502,0,1]},
{"frame":25,"values":[0.9807,0.1943,-0.0214,0,-0.1861,0.9616,0.2015,0,0.0597,-0.1936,0.9793,0,0,0.0502,0,1]},
{"frame":26,"values":[0.9996,-0.0105,-0.0265,0,0.0112,0.9996,0.0258,0,0.0262,-0.0261,0.9993,0,0,0.0502,0,1]},
{"frame":27,"values":[0.986,-0.1669,-0.0057,0,0.1653,0.9802,-0.1087,0,0.0237,0.1062,0.9941,0,0,0.0502,0,1]},
{"frame":28,"values":[0.9756,-0.2197,0.0064,0,0.218,0.9637,-0.1541,0,0.0277,0.1517,0.988,0,0,0.0502,0,1]},
{"frame":38,"values":[0.977,-0.2131,0.0047,0,0.2114,0.9661,-0.1484,0,0.027,0.146,0.9889,0,0,0.0502,0,1]},
{"frame":39,"values":[0.9812,-0.193,-0.0001,0,0.1913,0.9727,-0.1311,0,0.0254,0.1286,0.9914,0,0,0.0502,0,1]},
{"frame":40,"values":[0.9873,-0.159,-0.0073,0,0.1574,0.9823,-0.1019,0,0.0234,0.0994,0.9948,0,0,0.0502,0,1]},
{"frame":41,"values":[0.9937,-0.1113,-0.0156,0,0.1102,0.992,-0.0609,0,0.0223,0.0588,0.998,0,0,0.0502,0,1]},
{"frame":42,"values":[0.9984,-0.0513,-0.0232,0,0.0511,0.9986,-0.0093,0,0.0236,0.0081,0.9997,0,0,0.0502,0,1]},
{"frame":43,"values":[0.9994,0.0181,-0.028,0,-0.0167,0.9986,0.0504,0,0.0288,-0.0499,0.9983,0,0,0.0502,0,1]},
{"frame":44,"values":[0.9953,0.0925,-0.0285,0,-0.0887,0.9895,0.1142,0,0.0388,-0.1111,0.993,0,0,0.0502,0,1]},
{"frame":45,"values":[0.9858,0.1662,-0.0243,0,-0.1594,0.9711,0.1774,0,0.0531,-0.1711,0.9838,0,0,0.0502,0,1]},
{"frame":46,"values":[0.9721,0.234,-0.016,0,-0.2237,0.9458,0.2355,0,0.0703,-0.2253,0.9717,0,0,0.0502,0,1]},
{"frame":47,"values":[0.9565,0.2916,-0.0056,0,-0.2781,0.9174,0.2849,0,0.0882,-0.2709,0.9586,0,0,0.0502,0,1]},
{"frame":48,"values":[0.9415,0.3369,0.0051,0,-0.3203,0.8904,0.3235,0,0.1045,-0.3062,0.9462,0,0,0.0502,0,1]},
{"frame":49,"values":[0.9294,0.3688,0.0139,0,-0.3499,0.8686,0.3508,0,0.1173,-0.3309,0.9363,0,0,0.0502,0,1]},
{"frame":50,"values":[0.9217,0.3875,0.0197,0,-0.3672,0.8548,0.3668,0,0.1253,-0.3453,0.9301,0,0,0.0502,0,1]},
{"frame":51,"values":[0.919,0.3936,0.0217,0,-0.3729,0.85,0.372,0,0.128,-0.35,0.928,0,0,0.0502,0,1]}],"loopBehavior":1,"name":"anim","property":"_matrix"}},
{"name":"Bone.013","index":12,"matrix":[0.4582,0.2498,0.853,0,0.055,0.9499,-0.3077,0,-0.8871,0.1879,0.4215,0,0,0.0296,0,1],"rest":[0.4582,0.2498,0.853,0,0.055,0.9499,-0.3077,0,-0.8871,0.1879,0.4215,0,0,0.0296,0,1],"parentBoneIndex":11,"length":0.0253
,"animation":{"dataType":3,"framePerSecond":24,"keys":[
{"frame":1,"values":[0.4582,0.2498,0.853,0,0.055,0.9499,-0.3077,0,-0.8871,0.1879,0.4215,0,0,0.0296,0,1]},
{"frame":51,"values":[0.4582,0.2498,0.853,0,0.055,0.9499,-0.3077,0,-0.8871,0.1879,0.4215,0,0,0.0296,0,1]}],"loopBehavior":1,"name":"anim","property":"_matrix"}},
{"name":"Bone.014","index":13,"matrix":[0.9819,0.1654,-0.0922,0,-0.081,-0.0732,-0.994,0,-0.1712,0.9835,-0.0584,0,0,0.0253,0,1],"rest":[0.8195,-0.2277,-0.526,0,-0.1641,0.7861,-0.5959,0,0.5492,0.5746,0.6068,0,0,0.0253,0,1],"parentBoneIndex":12,"length":0.0822
,"animation":{"dataType":3,"framePerSecond":24,"keys":[
{"frame":1,"values":[0.8195,-0.2277,-0.526,0,-0.1641,0.7861,-0.5959,0,0.5492,0.5746,0.6068,0,0,0.0253,0,1]},
{"frame":14,"values":[0.8493,-0.216,-0.4816,0,-0.1867,0.7304,-0.657,0,0.4937,0.6479,0.58,0,0,0.0253,0,1]},
{"frame":15,"values":[0.9227,-0.1542,-0.3534,0,-0.2217,0.5378,-0.8134,0,0.3155,0.8288,0.4621,0,0,0.0253,0,1]},
{"frame":16,"values":[0.979,-0.0178,-0.2029,0,-0.1929,0.2398,-0.9515,0,0.0656,0.9707,0.2313,0,0,0.0253,0,1]},
{"frame":17,"values":[0.9865,0.116,-0.1153,0,-0.1166,0.0047,-0.9932,0,-0.1146,0.9932,0.0182,0,0,0.0253,0,1]},
{"frame":18,"values":[0.9819,0.1654,-0.0922,0,-0.081,-0.0732,-0.994,0,-0.1712,0.9835,-0.0584,0,0,0.0253,0,1]},
{"frame":38,"values":[0.9827,0.1591,-0.0949,0,-0.0857,-0.0635,-0.9943,0,-0.1642,0.9852,-0.0488,0,0,0.0253,0,1]},
{"frame":39,"values":[0.9847,0.1402,-0.1034,0,-0.0996,-0.0339,-0.9944,0,-0.1429,0.9895,-0.0194,0,0,0.0253,0,1]},
{"frame":40,"values":[0.9869,0.1087,-0.119,0,-0.1215,0.0165,-0.9925,0,-0.106,0.9939,0.0295,0,0,0.0253,0,1]},
{"frame":41,"values":[0.9875,0.0661,-0.1433,0,-0.1488,0.0879,-0.985,0,-0.0525,0.9939,0.0966,0,0,0.0253,0,1]},
{"frame":42,"values":[0.984,0.015,-0.1775,0,-0.1773,0.1783,-0.9679,0,0.0171,0.9839,0.1781,0,0,0.0253,0,1]},
{"frame":43,"values":[0.9743,-0.0399,-0.2218,0,-0.2019,0.2827,-0.9377,0,0.1001,0.9584,0.2674,0,0,0.0253,0,1]},
{"frame":44,"values":[0.9571,-0.0929,-0.2743,0,-0.2179,0.3928,-0.8934,0,0.1907,0.9149,0.3558,0,0,0.0253,0,1]},
{"frame":45,"values":[0.9334,-0.1387,-0.3308,0,-0.2228,0.4987,-0.8376,0,0.2812,0.8556,0.4346,0,0,0.0253,0,1]},
{"frame":46,"values":[0.9059,-0.1741,-0.3861,0,-0.2172,0.5916,-0.7764,0,0.3636,0.7872,0.4981,0,0,0.0253,0,1]},
{"frame":47,"values":[0.8781,-0.1986,-0.4353,0,-0.2047,0.6664,-0.7169,0,0.4325,0.7186,0.5445,0,0,0.0253,0,1]},
{"frame":48,"values":[0.8536,-0.2139,-0.475,0,-0.1897,0.7217,-0.6658,0,0.4852,0.6584,0.5754,0,0,0.0253,0,1]},
{"frame":49,"values":[0.8349,-0.2224,-0.5035,0,-0.1762,0.7586,-0.6273,0,0.5215,0.6124,0.5941,0,0,0.0253,0,1]},
{"frame":50,"values":[0.8233,-0.2265,-0.5204,0,-0.1672,0.7794,-0.6038,0,0.5424,0.5841,0.6038,0,0,0.0253,0,1]},
{"frame":51,"values":[0.8195,-0.2277,-0.526,0,-0.1641,0.7861,-0.5959,0,0.5492,0.5746,0.6068,0,0,0.0253,0,1]}],"loopBehavior":1,"name":"anim","property":"_matrix"}},
{"name":"Bone.010","index":14,"matrix":[0.7873,-0.4696,0.3995,0,0.5144,0.1431,-0.8455,0,0.3399,0.8712,0.3542,0,0,0.1345,0,1],"rest":[0.7873,-0.4696,0.3995,0,0.5144,0.1431,-0.8455,0,0.3399,0.8712,0.3542,0,0,0.1345,0,1],"parentBoneIndex":9,"length":0.0424
,"animation":{"dataType":3,"framePerSecond":24,"keys":[
{"frame":1,"values":[0.7873,-0.4696,0.3995,0,0.5144,0.1431,-0.8455,0,0.3399,0.8712,0.3542,0,0,0.1345,0,1]},
{"frame":51,"values":[0.7873,-0.4696,0.3995,0,0.5144,0.1431,-0.8455,0,0.3399,0.8712,0.3542,0,0,0.1345,0,1]}],"loopBehavior":1,"name":"anim","property":"_matrix"}},
{"name":"Bone.015","index":15,"matrix":[0.4972,0.4507,0.7414,0,-0.2605,0.8926,-0.3679,0,-0.8276,-0.0102,0.5612,0,0,0.0424,0,1],"rest":[0.5923,0.4474,0.6701,0,-0.6595,0.747,0.0842,0,-0.4629,-0.4918,0.7375,0,0,0.0424,0,1],"parentBoneIndex":14,"length":0.0474
,"animation":{"dataType":3,"framePerSecond":24,"keys":[
{"frame":1,"values":[0.5923,0.4474,0.6701,0,-0.6595,0.747,0.0842,0,-0.4629,-0.4918,0.7375,0,0,0.0424,0,1]},
{"frame":2,"values":[0.5717,0.4307,0.6984,0,-0.6993,0.7009,0.1402,0,-0.4291,-0.5686,0.7019,0,0,0.0424,0,1]},
{"frame":3,"values":[0.5159,0.3599,0.7774,0,-0.8022,0.5213,0.291,0,-0.3005,-0.7738,0.5576,0,0,0.0424,0,1]},
{"frame":4,"values":[0.4618,0.2059,0.8627,0,-0.8854,0.1646,0.4347,0,-0.0525,-0.9646,0.2583,0,0,0.0424,0,1]},
{"frame":5,"values":[0.4551,0.0239,0.8901,0,-0.8644,-0.2281,0.4481,0,0.2137,-0.9734,-0.0832,0,0,0.0424,0,1]},
{"frame":6,"values":[0.477,-0.0929,0.874,0,-0.7962,-0.4667,0.3849,0,0.3721,-0.8795,-0.2966,0,0,0.0424,0,1]},
{"frame":7,"values":[0.4882,-0.1284,0.8632,0,-0.766,-0.537,0.3533,0,0.4182,-0.8337,-0.3606,0,0,0.0424,0,1]},
{"frame":8,"values":[0.477,-0.0929,0.874,0,-0.7962,-0.4667,0.3849,0,0.3721,-0.8795,-0.2966,0,0,0.0424,0,1]},
{"frame":9,"values":[0.4551,0.0239,0.8901,0,-0.8644,-0.2281,0.4481,0,0.2137,-0.9734,-0.0832,0,0,0.0424,0,1]},
{"frame":10,"values":[0.4618,0.2059,0.8627,0,-0.8854,0.1646,0.4347,0,-0.0525,-0.9646,0.2583,0,0,0.0424,0,1]},
{"frame":11,"values":[0.5159,0.3599,0.7774,0,-0.8022,0.5213,0.291,0,-0.3005,-0.7738,0.5576,0,0,0.0424,0,1]},
{"frame":12,"values":[0.5717,0.4307,0.6984,0,-0.6993,0.7009,0.1402,0,-0.4291,-0.5686,0.7019,0,0,0.0424,0,1]},
{"frame":13,"values":[0.5923,0.4474,0.6701,0,-0.6595,0.747,0.0842,0,-0.4629,-0.4918,0.7375,0,0,0.0424,0,1]},
{"frame":24,"values":[0.5817,0.4443,0.6813,0,-0.622,0.7828,0.0205,0,-0.5242,-0.4357,0.7317,0,0,0.0424,0,1]},
{"frame":25,"values":[0.5474,0.4414,0.711,0,-0.4866,0.8591,-0.1587,0,-0.6809,-0.2591,0.685,0,0,0.0424,0,1]},
{"frame":26,"values":[0.4972,0.4507,0.7414,0,-0.2605,0.8926,-0.3679,0,-0.8276,-0.0102,0.5612,0,0,0.0424,0,1]},
{"frame":27,"values":[0.4576,0.4673,0.7564,0,-0.063,0.8657,-0.4967,0,-0.8869,0.1796,0.4256,0,0,0.0424,0,1]},
{"frame":28,"values":[0.4442,0.4748,0.7598,0,0.0077,0.846,-0.5332,0,-0.8959,0.2427,0.3721,0,0,0.0424,0,1]},
{"frame":38,"values":[0.4459,0.4738,0.7594,0,-0.0012,0.8487,-0.5288,0,-0.8951,0.2349,0.379,0,0,0.0424,0,1]},
{"frame":39,"values":[0.451,0.4709,0.7582,0,-0.0283,0.8566,-0.5152,0,-0.8921,0.2109,0.3997,0,0,0.0424,0,1]},
{"frame":40,"values":[0.4596,0.4663,0.7559,0,-0.0735,0.8681,-0.4909,0,-0.8851,0.1701,0.4333,0,0,0.0424,0,1]},
{"frame":41,"values":[0.4717,0.4605,0.7519,0,-0.1354,0.8805,-0.4543,0,-0.8713,0.1125,0.4777,0,0,0.0424,0,1]},
{"frame":42,"values":[0.4869,0.4542,0.746,0,-0.2108,0.89,-0.4043,0,-0.8476,0.0396,0.5291,0,0,0.0424,0,1]},
{"frame":43,"values":[0.5044,0.4485,0.7379,0,-0.2945,0.8926,-0.3413,0,-0.8117,-0.0452,0.5823,0,0,0.0424,0,1]},
{"frame":44,"values":[0.5228,0.4442,0.7276,0,-0.3794,0.8856,-0.2681,0,-0.7634,-0.1359,0.6315,0,0,0.0424,0,1]},
{"frame":45,"values":[0.5407,0.4418,0.7159,0,-0.4581,0.8684,-0.1899,0,-0.7055,-0.2253,0.6719,0,0,0.0424,0,1]},
{"frame":46,"values":[0.5567,0.4413,0.7038,0,-0.5252,0.8434,-0.1134,0,-0.6436,-0.3065,0.7013,0,0,0.0424,0,1]},
{"frame":47,"values":[0.57,0.4423,0.6925,0,-0.5779,0.8149,-0.0448,0,-0.5841,-0.3746,0.72,0,0,0.0424,0,1]},
{"frame":48,"values":[0.5801,0.444,0.6829,0,-0.616,0.7877,0.0111,0,-0.533,-0.4271,0.7304,0,0,0.0424,0,1]},
{"frame":49,"values":[0.587,0.4457,0.6758,0,-0.6411,0.7657,0.0518,0,-0.4944,-0.4637,0.7352,0,0,0.0424,0,1]},
{"frame":50,"values":[0.591,0.4469,0.6715,0,-0.655,0.7518,0.0761,0,-0.4708,-0.4849,0.7371,0,0,0.0424,0,1]},
{"frame":51,"values":[0.5923,0.4474,0.6701,0,-0.6595,0.747,0.0842,0,-0.4629,-0.4918,0.7375,0,0,0.0424,0,1]}],"loopBehavior":1,"name":"anim","property":"_matrix"}},
{"name":"Bone.016","index":16,"matrix":[0.95,0.0987,0.2964,0,0.1994,0.5389,-0.8184,0,-0.2405,0.8366,0.4922,0,0,0.0474,0,1],"rest":[0.9558,-0.2259,0.1884,0,0.2159,0.9737,0.0724,0,-0.1998,-0.0285,0.9794,0,0,0.0474,0,1],"parentBoneIndex":15,"length":0.0517
,"animation":{"dataType":3,"framePerSecond":24,"keys":[
{"frame":1,"values":[0.9558,-0.2259,0.1884,0,0.2159,0.9737,0.0724,0,-0.1998,-0.0285,0.9794,0,0,0.0474,0,1]},
{"frame":14,"values":[0.9559,-0.2047,0.2107,0,0.2129,0.9769,-0.0167,0,-0.2024,0.0608,0.9774,0,0,0.0474,0,1]},
{"frame":15,"values":[0.9555,-0.1324,0.2635,0,0.2056,0.9397,-0.2733,0,-0.2114,0.3153,0.9251,0,0,0.0474,0,1]},
{"frame":16,"values":[0.9535,-0.0211,0.3006,0,0.2,0.7905,-0.5789,0,-0.2254,0.6121,0.758,0,0,0.0474,0,1]},
{"frame":17,"values":[0.951,0.0684,0.3016,0,0.199,0.6111,-0.7661,0,-0.2367,0.7886,0.5675,0,0,0.0474,0,1]},
{"frame":18,"values":[0.95,0.0987,0.2964,0,0.1994,0.5389,-0.8184,0,-0.2405,0.8366,0.4922,0,0,0.0474,0,1]},
{"frame":38,"values":[0.9501,0.0949,0.2972,0,0.1993,0.5482,-0.8122,0,-0.24,0.8309,0.5019,0,0,0.0474,0,1]},
{"frame":39,"values":[0.9505,0.0834,0.2994,0,0.1991,0.5761,-0.7927,0,-0.2385,0.8131,0.531,0,0,0.0474,0,1]},
{"frame":40,"values":[0.9511,0.0638,0.3021,0,0.199,0.6214,-0.7578,0,-0.2361,0.7809,0.5783,0,0,0.0474,0,1]},
{"frame":41,"values":[0.952,0.0364,0.304,0,0.199,0.6809,-0.7049,0,-0.2326,0.7315,0.6409,0,0,0.0474,0,1]},
{"frame":42,"values":[0.9529,0.0021,0.3031,0,0.1994,0.7488,-0.632,0,-0.2283,0.6627,0.7132,0,0,0.0474,0,1]},
{"frame":43,"values":[0.9539,-0.0372,0.2978,0,0.2004,0.8176,-0.5398,0,-0.2234,0.5747,0.7873,0,0,0.0474,0,1]},
{"frame":44,"values":[0.9547,-0.0784,0.287,0,0.2022,0.8786,-0.4326,0,-0.2182,0.4711,0.8547,0,0,0.0474,0,1]},
{"frame":45,"values":[0.9553,-0.1179,0.271,0,0.2045,0.9256,-0.3185,0,-0.2133,0.3598,0.9083,0,0,0.0474,0,1]},
{"frame":46,"values":[0.9557,-0.1525,0.2517,0,0.2073,0.956,-0.2077,0,-0.2089,0.2507,0.9453,0,0,0.0474,0,1]},
{"frame":47,"values":[0.9559,-0.1806,0.2318,0,0.21,0.9716,-0.1093,0,-0.2054,0.1532,0.9666,0,0,0.0474,0,1]},
{"frame":48,"values":[0.9559,-0.2014,0.2139,0,0.2125,0.9767,-0.0299,0,-0.2028,0.074,0.9764,0,0,0.0474,0,1]},
{"frame":49,"values":[0.9558,-0.2154,0.2,0,0.2143,0.9764,0.0272,0,-0.2011,0.0168,0.9794,0,0,0.0474,0,1]},
{"frame":50,"values":[0.9558,-0.2234,0.1913,0,0.2155,0.9746,0.0612,0,-0.2001,-0.0173,0.9796,0,0,0.0474,0,1]},
{"frame":51,"values":[0.9558,-0.2259,0.1884,0,0.2159,0.9737,0.0724,0,-0.1998,-0.0285,0.9794,0,0,0.0474,0,1]}],"loopBehavior":1,"name":"anim","property":"_matrix"}},
{"name":"Bone.017","index":17,"matrix":[0.7611,-0.2924,-0.579,0,0.3298,0.9431,-0.0427,0,0.5585,-0.1585,0.8142,0,0,0.0517,0,1],"rest":[0.7611,-0.2924,-0.579,0,0.3298,0.9431,-0.0427,0,0.5585,-0.1585,0.8142,0,0,0.0517,0,1],"parentBoneIndex":16,"length":0.0472
,"animation":{"dataType":3,"framePerSecond":24,"keys":[
{"frame":1,"values":[0.7611,-0.2924,-0.579,0,0.3298,0.9431,-0.0427,0,0.5585,-0.1585,0.8142,0,0,0.0517,0,1]},
{"frame":51,"values":[0.7611,-0.2924,-0.579,0,0.3298,0.9431,-0.0427,0,0.5585,-0.1585,0.8142,0,0,0.0517,0,1]}],"loopBehavior":1,"name":"anim","property":"_matrix"}},
{"name":"Bone.018","index":18,"matrix":[0.8642,0.4994,0.0608,0,-0.1964,0.2236,0.9547,0,0.4632,-0.837,0.2913,0,0,0.1226,0,1],"rest":[0.8642,0.4994,0.0608,0,-0.1964,0.2236,0.9547,0,0.4632,-0.837,0.2913,0,0,0.1226,0,1],"parentBoneIndex":0,"length":0.1048
,"animation":{"dataType":3,"framePerSecond":24,"keys":[
{"frame":1,"values":[0.8642,0.4994,0.0608,0,-0.1964,0.2236,0.9547,0,0.4632,-0.837,0.2913,0,0,0.1226,0,1]},
{"frame":51,"values":[0.8642,0.4994,0.0608,0,-0.1964,0.2236,0.9547,0,0.4632,-0.837,0.2913,0,0,0.1226,0,1]}],"loopBehavior":1,"name":"anim","property":"_matrix"}},
{"name":"Bone.019","index":19,"matrix":[-0.7486,0.5364,-0.3897,0,-0.5461,-0.8321,-0.0965,0,-0.3761,0.1406,0.9159,0,0,0.1048,0,1],"rest":[-0.7486,0.5364,-0.3897,0,-0.5461,-0.8321,-0.0965,0,-0.3761,0.1406,0.9159,0,0,0.1048,0,1],"parentBoneIndex":18,"length":0.1161
,"animation":{"dataType":3,"framePerSecond":24,"keys":[
{"frame":1,"values":[-0.7486,0.5364,-0.3897,0,-0.5461,-0.8321,-0.0965,0,-0.3761,0.1406,0.9159,0,0,0.1048,0,1]},
{"frame":51,"values":[-0.7486,0.5364,-0.3897,0,-0.5461,-0.8321,-0.0965,0,-0.3761,0.1406,0.9159,0,0,0.1048,0,1]}],"loopBehavior":1,"name":"anim","property":"_matrix"}},
{"name":"Bone.020","index":20,"matrix":[-0.0911,-0.9899,-0.1084,0,0.5371,0.0428,-0.8424,0,0.8386,-0.135,0.5278,0,0,0.1161,0,1],"rest":[-0.0911,-0.9899,-0.1084,0,0.5371,0.0428,-0.8424,0,0.8386,-0.135,0.5278,0,0,0.1161,0,1],"parentBoneIndex":19,"length":0.048
,"animation":{"dataType":3,"framePerSecond":24,"keys":[
{"frame":1,"values":[-0.0911,-0.9899,-0.1084,0,0.5371,0.0428,-0.8424,0,0.8386,-0.135,0.5278,0,0,0.1161,0,1]},
{"frame":51,"values":[-0.0911,-0.9899,-0.1084,0,0.5371,0.0428,-0.8424,0,0.8386,-0.135,0.5278,0,0,0.1161,0,1]}],"loopBehavior":1,"name":"anim","property":"_matrix"}},
{"name":"Bone.021","index":21,"matrix":[0.804,-0.572,-0.1623,0,0.5835,0.8115,0.0309,0,0.114,-0.1196,0.9863,0,0,0.048,0,1],"rest":[0.804,-0.572,-0.1623,0,0.5835,0.8115,0.0309,0,0.114,-0.1196,0.9863,0,0,0.048,0,1],"parentBoneIndex":20,"length":0.0667
,"animation":{"dataType":3,"framePerSecond":24,"keys":[
{"frame":1,"values":[0.804,-0.572,-0.1623,0,0.5835,0.8115,0.0309,0,0.114,-0.1196,0.9863,0,0,0.048,0,1]},
{"frame":2,"values":[0.7736,-0.6251,-0.1035,0,0.6315,0.7741,0.0447,0,0.0522,-0.1,0.9936,0,0,0.048,0,1]},
{"frame":3,"values":[0.6403,-0.7647,0.0721,0,0.7571,0.6442,0.109,0,-0.1298,-0.0152,0.9914,0,0,0.048,0,1]},
{"frame":4,"values":[0.3404,-0.8905,0.3018,0,0.8689,0.4206,0.261,0,-0.3594,0.1734,0.9169,0,0,0.048,0,1]},
{"frame":5,"values":[-0.0291,-0.8924,0.4503,0,0.8678,0.201,0.4544,0,-0.496,0.404,0.7686,0,0,0.048,0,1]},
{"frame":6,"values":[-0.2781,-0.8258,0.4907,0,0.8055,0.0778,0.5874,0,-0.5233,0.5586,0.6435,0,0,0.048,0,1]},
{"frame":7,"values":[-0.3565,-0.7934,0.4934,0,0.7756,0.0431,0.6298,0,-0.521,0.6072,0.6,0,0,0.048,0,1]},
{"frame":8,"values":[-0.2781,-0.8258,0.4907,0,0.8055,0.0778,0.5874,0,-0.5233,0.5586,0.6435,0,0,0.048,0,1]},
{"frame":9,"values":[-0.0291,-0.8924,0.4503,0,0.8678,0.201,0.4544,0,-0.496,0.404,0.7686,0,0,0.048,0,1]},
{"frame":10,"values":[0.3404,-0.8905,0.3018,0,0.8689,0.4206,0.261,0,-0.3594,0.1734,0.9169,0,0,0.048,0,1]},
{"frame":11,"values":[0.6403,-0.7647,0.0721,0,0.7571,0.6442,0.109,0,-0.1298,-0.0152,0.9914,0,0,0.048,0,1]},
{"frame":12,"values":[0.7736,-0.6251,-0.1035,0,0.6315,0.7741,0.0447,0,0.0522,-0.1,0.9936,0,0,0.048,0,1]},
{"frame":13,"values":[0.804,-0.572,-0.1623,0,0.5835,0.8115,0.0309,0,0.114,-0.1196,0.9863,0,0,0.048,0,1]},
{"frame":51,"values":[0.804,-0.572,-0.1623,0,0.5835,0.8115,0.0309,0,0.114,-0.1196,0.9863,0,0,0.048,0,1]}],"loopBehavior":1,"name":"anim","property":"_matrix"}},
{"name":"Bone.022","index":22,"matrix":[-0.3643,-0.5574,-0.746,0,0.3652,0.6514,-0.6651,0,0.8567,-0.5147,-0.0338,0,0,0.0667,0,1],"rest":[0.2758,-0.5586,-0.7823,0,-0.1199,0.7875,-0.6046,0,0.9537,0.2605,0.1502,0,0,0.0667,0,1],"parentBoneIndex":21,"length":0.0504
,"animation":{"dataType":3,"framePerSecond":24,"keys":[
{"frame":1,"values":[0.2758,-0.5586,-0.7823,0,-0.1199,0.7875,-0.6046,0,0.9537,0.2605,0.1502,0,0,0.0667,0,1]},
{"frame":24,"values":[0.1971,-0.5874,-0.7849,0,-0.0539,0.7929,-0.6069,0,0.9789,0.1619,0.1247,0,0,0.0667,0,1]},
{"frame":25,"values":[-0.0469,-0.6239,-0.7801,0,0.1393,0.7693,-0.6236,0,0.9891,-0.1379,0.0509,0,0,0.0667,0,1]},
{"frame":26,"values":[-0.3643,-0.5574,-0.746,0,0.3652,0.6514,-0.6651,0,0.8567,-0.5147,-0.0338,0,0,0.0667,0,1]},
{"frame":27,"values":[-0.5692,-0.427,-0.7026,0,0.4914,0.5084,-0.7071,0,0.6592,-0.7478,-0.0796,0,0,0.0667,0,1]},
{"frame":28,"values":[-0.6276,-0.3694,-0.6853,0,0.5229,0.4521,-0.7226,0,0.5768,-0.8118,-0.0906,0,0,0.0667,0,1]},
{"frame":38,"values":[-0.6206,-0.377,-0.6875,0,0.5193,0.4594,-0.7206,0,0.5875,-0.8043,-0.0894,0,0,0.0667,0,1]},
{"frame":39,"values":[-0.5988,-0.3993,-0.6942,0,0.5077,0.4811,-0.7147,0,0.6194,-0.7805,-0.0853,0,0,0.0667,0,1]},
{"frame":40,"values":[-0.5599,-0.435,-0.7051,0,0.4862,0.5166,-0.7048,0,0.6709,-0.7375,-0.0777,0,0,0.0667,0,1]},
{"frame":41,"values":[-0.5014,-0.4805,-0.7195,0,0.452,0.5636,-0.6914,0,0.7377,-0.6719,-0.0655,0,0,0.0667,0,1]},
{"frame":42,"values":[-0.4218,-0.5295,-0.736,0,0.4026,0.618,-0.6753,0,0.8124,-0.5811,-0.0475,0,0,0.0667,0,1]},
{"frame":43,"values":[-0.3225,-0.5743,-0.7525,0,0.3372,0.6731,-0.6582,0,0.8845,-0.466,-0.0234,0,0,0.0667,0,1]},
{"frame":44,"values":[-0.2094,-0.6068,-0.7668,0,0.2587,0.7219,-0.6419,0,0.943,-0.3328,0.0058,0,0,0.0667,0,1]},
{"frame":45,"values":[-0.0923,-0.6225,-0.7772,0,0.1734,0.7586,-0.6281,0,0.9805,-0.1927,0.0379,0,0,0.0667,0,1]},
{"frame":46,"values":[0.0177,-0.6216,-0.7832,0,0.0898,0.7811,-0.6179,0,0.9958,-0.0594,0.0697,0,0,0.0667,0,1]},
{"frame":47,"values":[0.1118,-0.6089,-0.7854,0,0.0156,0.7913,-0.6112,0,0.9936,0.0561,0.098,0,0,0.0667,0,1]},
{"frame":48,"values":[0.1851,-0.591,-0.7851,0,-0.044,0.7931,-0.6074,0,0.9817,0.147,0.1209,0,0,0.0667,0,1]},
{"frame":49,"values":[0.2363,-0.5742,-0.7839,0,-0.0865,0.7911,-0.6056,0,0.9678,0.2109,0.1373,0,0,0.0667,0,1]},
{"frame":50,"values":[0.2661,-0.5626,-0.7827,0,-0.1117,0.7885,-0.6048,0,0.9575,0.2484,0.147,0,0,0.0667,0,1]},
{"frame":51,"values":[0.2758,-0.5586,-0.7823,0,-0.1199,0.7875,-0.6046,0,0.9537,0.2605,0.1502,0,0,0.0667,0,1]}],"loopBehavior":1,"name":"anim","property":"_matrix"}},
{"name":"Bone.023","index":23,"matrix":[0.9775,-0.209,0.0298,0,0.2024,0.9681,0.1476,0,-0.0597,-0.1383,0.9886,0,0,0.0504,0,1],"rest":[0.9775,-0.209,0.0298,0,0.2024,0.9681,0.1476,0,-0.0597,-0.1383,0.9886,0,0,0.0504,0,1],"parentBoneIndex":22,"length":0.0427
,"animation":{"dataType":3,"framePerSecond":24,"keys":[
{"frame":1,"values":[0.9775,-0.209,0.0298,0,0.2024,0.9681,0.1476,0,-0.0597,-0.1383,0.9886,0,0,0.0504,0,1]},
{"frame":51,"values":[0.9775,-0.209,0.0298,0,0.2024,0.9681,0.1476,0,-0.0597,-0.1383,0.9886,0,0,0.0504,0,1]}],"loopBehavior":1,"name":"anim","property":"_matrix"}}]
,"ranges":[{"name":"ArmatureAction","from":0,"to":51}]}],
"meshes":[{"name":"Plane.000","id":"Plane.000","materialId":"arm.Plane.000","billboardMode":0,"position":[0,0,0],"rotation":[0,0,0],"scaling":[1,1,1],"isVisible":false,"freezeWorldMatrix":false,"isEnabled":true,"checkCollisions":false,"receiveShadows":false,"pickable":true,"tags":"","skeletonId":0,"numBoneInfluencers":8
,"positions":[-0.5481,1.487,-0.1368,-0.5366,1.4542,-0.1272,-0.5372,1.4792,-0.1501,-0.5284,1.4441,-0.1405,-0.5279,1.4696,-0.1652,-0.5268,1.4992,-0.1822,-0.5381,1.5079,-0.1676,-0.5509,1.5146,-0.1547,-0.541,1.5364,-0.1788,-0.5509,1.5146,-0.1547,-0.5381,1.5079,-0.1676,-0.5381,1.5079,-0.1676,-0.5273,1.5295,-0.1918,-0.5286,1.5591,-0.1954,-0.5448,1.5642,-0.1846,-0.5557,1.5417,-0.1671,-0.5144,1.5214,-0.2049
