{"producer":{"name":"Blender","version":"2.79 (sub 0)","exporter_version":"5.6.4","file":"magicarm.babylon"},
"autoClear":true,"clearColor":[0.0509,0.0509,0.0509],"ambientColor":[0,0,0],"gravity":[0,-9.81,0],
"materials":[{"name":"magicarm.Plane.000","id":"magicarm.Plane.000","ambient":[0,0,0],"diffuse":[0.8,0.8,0.8],"specular":[1,1,1],"emissive":[0,0,0],"specularPower":64,"alpha":1,"backFaceCulling":false,"checkReadyOnlyOnce":false,"maxSimultaneousLights":4}],
"multiMaterials":[],
"skeletons":[{"name":"Armature","id":0,"dimensionsAtRest":[0.2029,0.1842,0.1867],"bones":[
{"name":"Bone","index":0,"matrix":[0.0232,0.004,0.0053,0,-0.004,-0.0067,0.0228,0,-0.0053,0.0228,0.0058,0,0.1218,0.4911,1.2488,1],"rest":[0.9613,0.167,0.219,0,-0.167,-0.2792,0.9456,0,-0.219,0.9456,0.2406,0,0.119,0.4795,1.2194,1],"parentBoneIndex":-1,"length":0.0259
,"animation":{"dataType":3,"framePerSecond":24,"keys":[
{"frame":1,"values":[0.0232,0.004,0.0053,0,-0.004,-0.0067,0.0228,0,-0.0053,0.0228,0.0058,0,0.1218,0.4911,1.2488,1]},
{"frame":8,"values":[0.0232,0.004,0.0053,0,-0.004,-0.0067,0.0228,0,-0.0053,0.0228,0.0058,0,0.1218,0.4911,1.2488,1]},
{"frame":21,"values":[0.0232,0.004,0.0053,0,-0.004,-0.0067,0.0228,0,-0.0053,0.0228,0.0058,0,0.1218,0.4911,1.2488,1]},
{"frame":54,"values":[0.0232,0.004,0.0053,0,-0.004,-0.0067,0.0228,0,-0.0053,0.0228,0.0058,0,0.1218,0.4911,1.2488,1]},
{"frame":94,"values":[0.9613,0.167,0.219,0,-0.167,-0.2792,0.9456,0,-0.219,0.9456,0.2406,0,0.119,0.4795,1.2194,1]},
{"frame":95,"values":[0.9613,0.167,0.219,0,-0.167,-0.2792,0.9456,0,-0.219,0.9456,0.2406,0,0.119,0.4795,1.2194,1]}],"loopBehavior":1,"name":"anim","property":"_matrix"}},
{"name":"Bone.003","index":1,"matrix":[0.9096,0.2115,-0.3575,0,-0.3229,0.9016,-0.288,0,0.2614,0.3774,0.8884,0,0.0637,0.03,-0.0234,1],"rest":[0.9096,0.2115,-0.3575,0,-0.3229,0.9016,-0.288,0,0.2614,0.3774,0.8884,0,0.0637,0.03,-0.0234,1],"parentBoneIndex":0,"length":0.0498
,"animation":{"dataType":3,"framePerSecond":24,"keys":[
{"frame":1,"values":[0.9051,-0.3552,-0.234,0,0.3872,0.9157,0.1079,0,0.1759,-0.1883,0.9662,0,0.0637,0.03,-0.0234,1]},
{"frame":8,"values":[0.9051,-0.3552,-0.234,0,0.3872,0.9157,0.1079,0,0.1759,-0.1883,0.9662,0,0.0637,0.03,-0.0234,1]},
{"frame":21,"values":[0.9096,0.2115,-0.3575,0,-0.3229,0.9016,-0.288,0,0.2614,0.3774,0.8884,0,0.0637,0.03,-0.0234,1]},
{"frame":22,"values":[0.9393,0.1996,-0.2791,0,-0.272,0.929,-0.2508,0,0.2092,0.3115,0.9269,0,0.0837,-0.0399,0.1552,1]},
{"frame":23,"values":[0.99,0.1323,-0.0492,0,-0.1372,0.9839,-0.1145,0,0.0332,0.1201,0.9922,0,0.1361,-0.2227,0.6226,1]},
{"frame":24,"values":[0.9772,-0.0079,0.2122,0,-0.0125,0.9954,0.0947,0,-0.212,-0.0952,0.9726,0,0.1885,-0.4055,1.09,1]},
{"frame":25,"values":[0.9194,-0.1381,0.3682,0,0.0404,0.9645,0.2611,0,-0.3912,-0.2252,0.8924,0,0.2085,-0.4754,1.2687,1]},
{"frame":26,"values":[0.8566,-0.2418,0.4558,0,0.0546,0.9209,0.386,0,-0.5131,-0.3058,0.802,0,0.2147,-0.4572,1.2424,1]},
{"frame":27,"values":[0.7874,-0.3409,0.5137,0,0.0481,0.8647,0.5,0,-0.6146,-0.3689,0.6972,0,0.2309,-0.4096,1.1734,1]},
{"frame":28,"values":[0.7372,-0.4071,0.5392,0,0.0335,0.8191,0.5727,0,-0.6748,-0.4041,0.6175,0,0.247,-0.362,1.1045,1]},
{"frame":29,"values":[0.7211,-0.4278,0.545,0,0.0272,0.8034,0.5948,0,-0.6923,-0.4141,0.591,0,0.2532,-0.3438,1.0782,1]},
{"frame":30,"values":[0.8144,-0.3088,0.4913,0,0.0425,0.8761,0.4802,0,-0.5787,-0.3702,0.7267,0,0.2532,-0.3438,1.0782,1]},
{"frame":31,"values":[0.9791,-0.0017,0.2033,0,-0.0231,0.9926,0.1195,0,-0.202,-0.1217,0.9718,0,0.2532,-0.3438,1.0782,1]},
{"frame":32,"values":[0.9604,0.1862,-0.2074,0,-0.2285,0.9521,-0.2032,0,0.1596,0.2425,0.9569,0,0.2532,-0.3438,1.0782,1]},
{"frame":33,"values":[0.9096,0.2115,-0.3575,0,-0.3229,0.9016,-0.288,0,0.2614,0.3774,0.8884,0,0.2532,-0.3438,1.0782,1]},
{"frame":54,"values":[0.9096,0.2115,-0.3575,0,-0.3229,0.9016,-0.288,0,0.2614,0.3774,0.8884,0,0.2532,-0.3438,1.0782,1]},
{"frame":94,"values":[0.9096,0.2115,-0.3575,0,-0.3229,0.9016,-0.288,0,0.2614,0.3774,0.8884,0,0.2532,-0.3438,1.0782,1]},
{"frame":95,"values":[0.9096,0.2115,-0.3575,0,-0.3229,0.9016,-0.288,0,0.2614,0.3774,0.8884,0,0.2532,-0.3438,1.0782,1]}],"loopBehavior":1,"name":"anim","property":"_matrix"}},
{"name":"Bone.007","index":2,"matrix":[0.9661,-0.0535,0.2527,0,0.088,0.9879,-0.1273,0,-0.2428,0.1453,0.9591,0,0,0.0498,0,1],"rest":[0.9661,-0.0535,0.2527,0,0.088,0.9879,-0.1273,0,-0.2428,0.1453,0.9591,0,0,0.0498,0,1],"parentBoneIndex":1,"length":0.0582
,"animation":{"dataType":3,"framePerSecond":24,"keys":[
{"frame":1,"values":[0.8956,0.4023,0.19,0,-0.4077,0.913,-0.0115,0,-0.1781,-0.0671,0.9817,0,0,0.0498,0,1]},
{"frame":8,"values":[0.8956,0.4023,0.19,0,-0.4077,0.913,-0.0115,0,-0.1781,-0.0671,0.9817,0,0,0.0498,0,1]},
{"frame":21,"values":[0.9661,-0.0535,0.2527,0,0.088,0.9879,-0.1273,0,-0.2428,0.1453,0.9591,0,0,0.0498,0,1]},
{"frame":38,"values":[0.9662,0.0337,0.2554,0,0.0275,0.9722,-0.2324,0,-0.2562,0.2316,0.9385,0,0,0.0498,0,1]},
{"frame":39,"values":[0.9401,0.2633,0.2166,0,-0.125,0.8573,-0.4995,0,-0.3172,0.4425,0.8388,0,0,0.0498,0,1]},
{"frame":40,"values":[0.8779,0.4649,0.1147,0,-0.249,0.6478,-0.7199,0,-0.409,0.6035,0.6845,0,0,0.0498,0,1]},
{"frame":41,"values":[0.847,0.5279,0.0629,0,-0.2849,0.5506,-0.7847,0,-0.4489,0.6467,0.6167,0,0,0.0498,0,1]},
{"frame":42,"values":[0.8672,0.4884,0.0968,0,-0.2627,0.6139,-0.7444,0,-0.423,0.6201,0.6607,0,0,0.0498,0,1]},
{"frame":43,"values":[0.9164,0.3584,0.1782,0,-0.185,0.774,-0.6056,0,-0.355,0.522,0.7756,0,0,0.0498,0,1]},
{"frame":44,"values":[0.9565,0.1625,0.2422,0,-0.0593,0.9214,-0.384,0,-0.2856,0.353,0.891,0,0,0.0498,0,1]},
{"frame":45,"values":[0.9668,0.0023,0.2555,0,0.0492,0.9796,-0.1948,0,-0.2508,0.2009,0.947,0,0,0.0498,0,1]},
{"frame":46,"values":[0.9661,-0.0535,0.2527,0,0.088,0.9879,-0.1273,0,-0.2428,0.1453,0.9591,0,0,0.0498,0,1]},
{"frame":54,"values":[0.9661,-0.0535,0.2527,0,0.088,0.9879,-0.1273,0,-0.2428,0.1453,0.9591,0,0,0.0498,0,1]},
{"frame":94,"values":[0.9661,-0.0535,0.2527,0,0.088,0.9879,-0.1273,0,-0.2428,0.1453,0.9591,0,0,0.0498,0,1]},
{"frame":95,"values":[0.9661,-0.0535,0.2527,0,0.088,0.9879,-0.1273,0,-0.2428,0.1453,0.9591,0,0,0.0498,0,1]}],"loopBehavior":1,"name":"anim","property":"_matrix"}},
{"name":"Bone.008","index":3,"matrix":[0.9979,-0.0146,0.0628,0,0.0079,0.9942,0.1069,0,-0.064,-0.1062,0.9923,0,0,0.0582,0,1],"rest":[0.9979,-0.0146,0.0628,0,0.0079,0.9942,0.1069,0,-0.064,-0.1062,0.9923,0,0,0.0582,0,1],"parentBoneIndex":2,"length":0.103
,"animation":{"dataType":3,"framePerSecond":24,"keys":[
{"frame":1,"values":[0.9979,-0.0146,0.0628,0,0.0079,0.9942,0.1069,0,-0.064,-0.1062,0.9923,0,0,0.0582,0,1]},
{"frame":8,"values":[0.9979,-0.0146,0.0628,0,0.0079,0.9942,0.1069,0,-0.064,-0.1062,0.9923,0,0,0.0582,0,1]},
{"frame":21,"values":[0.9979,-0.0146,0.0628,0,0.0079,0.9942,0.1069,0,-0.064,-0.1062,0.9923,0,0,0.0582,0,1]},
{"frame":34,"values":[0.993,0.1011,0.061,0,-0.101,0.9949,-0.0049,0,-0.0612,-0.0013,0.9981,0,0,0.0582,0,1]},
{"frame":35,"values":[0.9164,0.4001,-0.0092,0,-0.3843,0.8734,-0.2993,0,-0.1117,0.2778,0.9541,0,0,0.0582,0,1]},
{"frame":36,"values":[0.7605,0.6286,-0.1629,0,-0.604,0.5926,-0.5329,0,-0.2384,0.5037,0.8303,0,0,0.0582,0,1]},
{"frame":37,"values":[0.6893,0.6855,-0.2344,0,-0.6598,0.4603,-0.594,0,-0.2993,0.5641,0.7696,0,0,0.0582,0,1]},
{"frame":38,"values":[0.7036,0.6757,-0.22,0,-0.6501,0.487,-0.5832,0,-0.2869,0.5534,0.782,0,0,0.0582,0,1]},
{"frame":39,"values":[0.746,0.6419,-0.1774,0,-0.617,0.5658,-0.547,0,-0.2507,0.5175,0.8181,0,0,0.0582,0,1]},
{"frame":40,"values":[0.8107,0.5744,-0.1128,0,-0.5515,0.6848,-0.4764,0,-0.1964,0.4484,0.872,0,0,0.0582,0,1]},
{"frame":41,"values":[0.8834,0.4668,-0.0412,0,-0.448,0.8155,-0.3663,0,-0.1374,0.3421,0.9296,0,0,0.0582,0,1]},
{"frame":42,"values":[0.9442,0.3288,0.0174,0,-0.3164,0.9208,-0.2282,0,-0.091,0.21,0.9734,0,0,0.0582,0,1]},
{"frame":43,"values":[0.9807,0.1889,0.0508,0,-0.1839,0.9788,-0.0905,0,-0.0668,0.0794,0.9946,0,0,0.0582,0,1]},
{"frame":44,"values":[0.9951,0.0768,0.0625,0,-0.0781,0.9968,0.0187,0,-0.0608,-0.0235,0.9979,0,0,0.0582,0,1]},
{"frame":45,"values":[0.998,0.0079,0.0634,0,-0.0133,0.9963,0.0852,0,-0.0625,-0.0858,0.9943,0,0,0.0582,0,1]},
{"frame":46,"values":[0.9979,-0.0146,0.0628,0,0.0079,0.9942,0.1069,0,-0.064,-0.1062,0.9923,0,0,0.0582,0,1]},
{"frame":54,"values":[0.9979,-0.0146,0.0628,0,0.0079,0.9942,0.1069,0,-0.064,-0.1062,0.9923,0,0,0.0582,0,1]},
{"frame":94,"values":[0.9979,-0.0146,0.0628,0,0.0079,0.9942,0.1069,0,-0.064,-0.1062,0.9923,0,0,0.0582,0,1]},
{"frame":95,"values":[0.9979,-0.0146,0.0628,0,0.0079,0.9942,0.1069,0,-0.064,-0.1062,0.9923,0,0,0.0582,0,1]}],"loopBehavior":1,"name":"anim","property":"_matrix"}},
{"name":"Bone.005","index":4,"matrix":[0.9858,0.0662,-0.1545,0,-0.1391,0.8377,-0.5282,0,0.0944,0.5422,0.835,0,0.0031,0.0448,-0.0325,1],"rest":[0.9858,0.0662,-0.1545,0,-0.1391,0.8377,-0.5282,0,0.0944,0.5422,0.835,0,0.0031,0.0448,-0.0325,1],"parentBoneIndex":0,"length":0.0397
,"animation":{"dataType":3,"framePerSecond":24,"keys":[
{"frame":1,"values":[0.9858,0.0662,-0.1545,0,-0.1391,0.8377,-0.5282,0,0.0944,0.5422,0.835,0,0.0031,0.0448,-0.0325,1]},
{"frame":8,"values":[0.9858,0.0662,-0.1545,0,-0.1391,0.8377,-0.5282,0,0.0944,0.5422,0.835,0,0.0031,0.0448,-0.0325,1]},
{"frame":21,"values":[0.9858,0.0662,-0.1545,0,-0.1391,0.8377,-0.5282,0,0.0944,0.5422,0.835,0,0.0031,0.0448,-0.0325,1]},
{"frame":22,"values":[0.9973,0.0317,-0.0667,0,-0.0593,0.8817,-0.4681,0,0.044,0.4708,0.8812,0,-0.0085,0.055,-0.0718,1]},
{"frame":23,"values":[0.9801,-0.1118,0.1642,0,0.1498,0.9588,-0.2413,0,-0.1305,0.2611,0.9565,0,-0.0404,0.0865,-0.1813,1]},
{"frame":24,"values":[0.8693,-0.344,0.355,0,0.3323,0.9383,0.0956,0,-0.366,0.0349,0.93,0,-0.0759,0.1311,-0.3089,1]},
{"frame":25,"values":[0.7549,-0.5223,0.3967,0,0.412,0.8483,0.3328,0,-0.5103,-0.0878,0.8555,0,-0.0969,0.1742,-0.3937,1]},
{"frame":26,"values":[0.6703,-0.6408,0.3742,0,0.4516,0.7524,0.4796,0,-0.5889,-0.1525,0.7937,0,-0.1051,0.2188,-0.4476,1]},
{"frame":27,"values":[0.5911,-0.7321,0.3384,0,0.4693,0.6535,0.5939,0,-0.656,-0.1922,0.7299,0,-0.1074,0.2673,-0.4941,1]},
{"frame":28,"values":[0.5392,-0.7834,0.309,0,0.4728,0.5853,0.6587,0,-0.6969,-0.2091,0.686,0,-0.1059,0.3028,-0.5226,1]},
{"frame":29,"values":[0.5233,-0.7979,0.2993,0,0.4727,0.564,0.6771,0,-0.709,-0.2128,0.6723,0,-0.1048,0.3146,-0.5309,1]},
{"frame":30,"values":[0.6372,-0.6966,0.3297,0,0.4865,0.6953,0.529,0,-0.5978,-0.1767,0.782,0,-0.1048,0.3146,-0.5309,1]},
{"frame":31,"values":[0.9018,-0.3482,0.2561,0,0.3516,0.9355,0.034,0,-0.2514,0.0594,0.9661,0,-0.1048,0.3146,-0.5309,1]},
{"frame":32,"values":[0.9995,-0.0197,-0.0257,0,0.0073,0.9097,-0.4152,0,0.0316,0.4147,0.9094,0,-0.1048,0.3146,-0.5309,1]},
{"frame":33,"values":[0.9858,0.0662,-0.1545,0,-0.1391,0.8377,-0.5282,0,0.0944,0.5422,0.835,0,-0.1048,0.3146,-0.5309,1]},
{"frame":54,"values":[0.9858,0.0662,-0.1545,0,-0.1391,0.8377,-0.5282,0,0.0944,0.5422,0.835,0,-0.1048,0.3146,-0.5309,1]},
{"frame":94,"values":[0.9858,0.0662,-0.1545,0,-0.1391,0.8377,-0.5282,0,0.0944,0.5422,0.835,0,-0.1048,0.3145,-0.5309,1]},
{"frame":95,"values":[0.9858,0.0662,-0.1545,0,-0.1391,0.8377,-0.5282,0,0.0944,0.5422,0.835,0,-0.1048,0.3145,-0.5309,1]}],"loopBehavior":1,"name":"anim","property":"_matrix"}},
{"name":"Bone.006","index":5,"matrix":[0.9581,0.1872,0.2166,0,-0.2387,0.9402,0.2429,0,-0.1582,-0.2845,0.9455,0,0,0.0397,0,1],"rest":[0.9581,0.1872,0.2166,0,-0.2387,0.9402,0.2429,0,-0.1582,-0.2845,0.9455,0,0,0.0397,0,1],"parentBoneIndex":4,"length":0.0798
,"animation":{"dataType":3,"framePerSecond":24,"keys":[
{"frame":1,"values":[0.7845,-0.5479,-0.2905,0,0.3329,-0.0232,0.9427,0,-0.5232,-0.8362,0.1642,0,0,0.0397,0,1]},
{"frame":2,"values":[0.7997,-0.5401,-0.2621,0,0.3191,0.0126,0.9476,0,-0.5086,-0.8415,0.1824,0,0,0.0397,0,1]},
{"frame":3,"values":[0.8419,-0.5098,-0.177,0,0.2729,0.1192,0.9546,0,-0.4656,-0.852,0.2394,0,0,0.0397,0,1]},
{"frame":4,"values":[0.8955,-0.4425,-0.0483,0,0.1884,0.2785,0.9418,0,-0.4033,-0.8524,0.3327,0,0,0.0397,0,1]},
{"frame":5,"values":[0.9369,-0.338,0.0889,0,0.0759,0.4451,0.8923,0,-0.3411,-0.8293,0.4427,0,0,0.0397,0,1]},
{"frame":6,"values":[0.9543,-0.2264,0.1949,0,-0.0321,0.571,0.8203,0,-0.2971,-0.7891,0.5377,0,0,0.0397,0,1]},
{"frame":7,"values":[0.9559,-0.1466,0.2545,0,-0.1045,0.6402,0.7611,0,-0.2745,-0.7541,0.5966,0,0,0.0397,0,1]},
{"frame":8,"values":[0.9547,-0.1188,0.2727,0,-0.1289,0.6609,0.7393,0,-0.2681,-0.741,0.6157,0,0,0.0397,0,1]},
{"frame":21,"values":[0.9581,0.1872,0.2166,0,-0.2387,0.9402,0.2429,0,-0.1582,-0.2845,0.9455,0,0,0.0397,0,1]},
{"frame":38,"values":[0.919,0.3332,0.2109,0,-0.3563,0.9308,0.082,0,-0.169,-0.1505,0.9741,0,0,0.0397,0,1]},
{"frame":39,"values":[0.7255,0.6853,0.064,0,-0.6252,0.6951,-0.3549,0,-0.2877,0.2174,0.9327,0,0,0.0397,0,1]},
{"frame":40,"values":[0.4656,0.8544,-0.2306,0,-0.7296,0.2231,-0.6465,0,-0.5009,0.4693,0.7272,0,0,0.0397,0,1]},
{"frame":41,"values":[0.3748,0.8579,-0.3515,0,-0.719,0.0296,-0.6943,0,-0.5853,0.5129,0.628,0,0,0.0397,0,1]},
{"frame":42,"values":[0.4319,0.8592,-0.2743,0,-0.7286,0.1532,-0.6676,0,-0.5315,0.4882,0.6922,0,0,0.0397,0,1]},
{"frame":43,"values":[0.6107,0.7899,-0.0566,0,-0.6966,0.5019,-0.5127,0,-0.3766,0.3525,0.8567,0,0,0.0397,0,1]},
{"frame":44,"values":[0.8263,0.542,0.1534,0,-0.5191,0.8384,-0.1663,0,-0.2188,0.0578,0.9741,0,0,0.0397,0,1]},
{"frame":45,"values":[0.9353,0.2805,0.2159,0,-0.3142,0.9388,0.1411,0,-0.1631,-0.1998,0.9662,0,0,0.0397,0,1]},
{"frame":46,"values":[0.9581,0.1872,0.2166,0,-0.2387,0.9402,0.2429,0,-0.1582,-0.2845,0.9455,0,0,0.0397,0,1]},
{"frame":54,"values":[0.9581,0.1872,0.2166,0,-0.2387,0.9402,0.2429,0,-0.1582,-0.2845,0.9455,0,0,0.0397,0,1]},
{"frame":94,"values":[0.9581,0.1872,0.2166,0,-0.2387,0.9402,0.2429,0,-0.1582,-0.2845,0.9455,0,0,0.0397,0,1]},
{"frame":95,"values":[0.9581,0.1872,0.2166,0,-0.2387,0.9402,0.2429,0,-0.1582,-0.2845,0.9455,0,0,0.0397,0,1]}],"loopBehavior":1,"name":"anim","property":"_matrix"}},
{"name":"Bone.009","index":6,"matrix":[0.9476,-0.2662,-0.1764,0,0.2065,0.9321,-0.2975,0,0.2437,0.2455,0.9383,0,0,0.0798,0,1],"rest":[0.9476,-0.2662,-0.1764,0,0.2065,0.9321,-0.2975,0,0.2437,0.2455,0.9383,0,0,0.0798,0,1],"parentBoneIndex":5,"length":0.0882
,"animation":{"dataType":3,"framePerSecond":24,"keys":[
{"frame":1,"values":[0.9476,-0.2662,-0.1764,0,0.2065,0.9321,-0.2975,0,0.2437,0.2455,0.9383,0,0,0.0798,0,1]},
{"frame":8,"values":[0.9476,-0.2662,-0.1764,0,0.2065,0.9321,-0.2975,0,0.2437,0.2455,0.9383,0,0,0.0798,0,1]},
{"frame":21,"values":[0.9476,-0.2662,-0.1764,0,0.2065,0.9321,-0.2975,0,0.2437,0.2455,0.9383,0,0,0.0798,0,1]},
{"frame":23,"values":[0.9476,-0.2662,-0.1765,0,0.2065,0.9321,-0.2975,0,0.2437,0.2455,0.9383,0,0,0.0798,0,1]},
{"frame":24,"values":[0.9476,-0.2662,-0.1764,0,0.2065,0.9321,-0.2975,0,0.2437,0.2455,0.9383,0,0,0.0798,0,1]},
{"frame":31,"values":[0.9476,-0.2662,-0.1765,0,0.2065,0.9321,-0.2975,0,0.2437,0.2455,0.9383,0,0,0.0798,0,1]},
{"frame":32,"values":[0.9476,-0.2662,-0.1764,0,0.2065,0.9321,-0.2975,0,0.2437,0.2455,0.9383,0,0,0.0798,0,1]},
{"frame":34,"values":[0.9793,-0.1368,-0.1494,0,0.0611,0.9027,-0.426,0,0.1932,0.408,0.8923,0,0,0.0798,0,1]},
{"frame":35,"values":[0.9524,0.2487,-0.1761,0,-0.2948,0.6058,-0.739,0,-0.0771,0.7558,0.6503,0,0,0.0798,0,1]},
{"frame":36,"values":[0.7656,0.5437,-0.3439,0,-0.4613,0.0914,-0.8825,0,-0.4484,0.8343,0.3208,0,0,0.0798,0,1]},
{"frame":37,"values":[0.6745,0.6036,-0.425,0,-0.4613,-0.1048,-0.881,0,-0.5764,0.7903,0.2078,0,0,0.0798,0,1]},
{"frame":38,"values":[0.6927,0.5942,-0.4088,0,-0.4637,-0.0673,-0.8834,0,-0.5524,0.8015,0.2289,0,0,0.0798,0,1]},
{"frame":39,"values":[0.747,0.5587,-0.3605,0,-0.4639,0.0495,-0.8845,0,-0.4763,0.8279,0.2961,0,0,0.0798,0,1]},
{"frame":40,"values":[0.8299,0.4788,-0.2864,0,-0.4394,0.2446,-0.8643,0,-0.3438,0.8432,0.4134,0,0,0.0798,0,1]},
{"frame":41,"values":[0.9178,0.3386,-0.2075,0,-0.3597,0.4875,-0.7956,0,-0.1682,0.8048,0.5692,0,0,0.0798,0,1]},
{"frame":42,"values":[0.9762,0.1526,-0.1544,0,-0.217,0.7092,-0.6708,0,0.0071,0.6883,0.7254,0,0,0.0798,0,1]},
{"frame":43,"values":[0.9895,-0.0297,-0.1411,0,-0.0491,0.8508,-0.5232,0,0.1356,0.5246,0.8405,0,0,0.0798,0,1]},
{"frame":44,"values":[0.9742,-0.1652,-0.1537,0,0.0918,0.9124,-0.3989,0,0.2061,0.3745,0.904,0,0,0.0798,0,1]},
{"frame":45,"values":[0.9553,-0.2421,-0.1699,0,0.1783,0.9297,-0.3224,0,0.236,0.2777,0.9312,0,0,0.0798,0,1]},
{"frame":46,"values":[0.9476,-0.2662,-0.1764,0,0.2065,0.9321,-0.2975,0,0.2437,0.2455,0.9383,0,0,0.0798,0,1]},
{"frame":54,"values":[0.9476,-0.2662,-0.1764,0,0.2065,0.9321,-0.2975,0,0.2437,0.2455,0.9383,0,0,0.0798,0,1]},
{"frame":94,"values":[0.9476,-0.2662,-0.1764,0,0.2065,0.9321,-0.2975,0,0.2437,0.2455,0.9383,0,0,0.0798,0,1]},
{"frame":95,"values":[0.9476,-0.2662,-0.1764,0,0.2065,0.9321,-0.2975,0,0.2437,0.2455,0.9383,0,0,0.0798,0,1]}],"loopBehavior":1,"name":"anim","property":"_matrix"}},
{"name":"Bone.010","index":7,"matrix":[0.9396,0.3358,-0.0667,0,-0.341,0.9004,-0.2701,0,-0.0306,0.2765,0.9605,0,-0.028,0.0646,-0.0067,1],"rest":[0.9396,0.3358,-0.0667,0,-0.341,0.9004,-0.2701,0,-0.0306,0.2765,0.9605,0,-0.028,0.0646,-0.0067,1],"parentBoneIndex":0,"length":0.0437
,"animation":{"dataType":3,"framePerSecond":24,"keys":[
{"frame":1,"values":[0.9396,0.3358,-0.0667,0,-0.341,0.9004,-0.2701,0,-0.0306,0.2765,0.9605,0,-0.028,0.0646,-0.0067,1]},
{"frame":8,"values":[0.9396,0.3358,-0.0667,0,-0.341,0.9004,-0.2701,0,-0.0306,0.2765,0.9605,0,-0.028,0.0646,-0.0067,1]},
{"frame":21,"values":[0.9396,0.3358,-0.0667,0,-0.341,0.9004,-0.2701,0,-0.0306,0.2765,0.9605,0,-0.028,0.0646,-0.0067,1]},
{"frame":22,"values":[0.9607,0.2775,-0.0091,0,-0.2724,0.9357,-0.2243,0,-0.0537,0.218,0.9745,0,-0.0578,0.0772,-0.0428,1]},
{"frame":23,"values":[0.9864,0.0864,0.14,0,-0.0779,0.9948,-0.0651,0,-0.1449,0.0533,0.988,0,-0.1389,0.1165,-0.1476,1]},
{"frame":24,"values":[0.9464,-0.1722,0.2731,0,0.1296,0.9774,0.1673,0,-0.2957,-0.1229,0.9473,0,-0.2283,0.1732,-0.2807,1]},
{"frame":25,"values":[0.874,-0.3558,0.3309,0,0.2373,0.9069,0.3483,0,-0.424,-0.2259,0.8771,0,-0.2788,0.2295,-0.3884,1]},
{"frame":26,"values":[0.8048,-0.4731,0.3585,0,0.272,0.8307,0.4857,0,-0.5276,-0.2933,0.7973,0,-0.2867,0.2981,-0.485,1]},
{"frame":27,"values":[0.7339,-0.5662,0.3752,0,0.263,0.7461,0.6117,0,-0.6263,-0.3502,0.6965,0,-0.2645,0.3869,-0.5893,1]},
{"frame":28,"values":[0.6851,-0.6205,0.3817,0,0.2342,0.6837,0.6911,0,-0.6898,-0.3841,0.6137,0,-0.2341,0.4583,-0.6653,1]},
{"frame":29,"values":[0.6698,-0.636,0.3833,0,0.2207,0.6634,0.715,0,-0.709,-0.3943,0.5847,0,-0.2213,0.4832,-0.6903,1]},
{"frame":30,"values":[0.761,-0.5088,0.4024,0,0.2043,0.7768,0.5957,0,-0.6157,-0.3711,0.6951,0,-0.2213,0.4832,-0.6903,1]},
{"frame":31,"values":[0.9412,-0.114,0.318,0,0.0482,0.977,0.2076,0,-0.3344,-0.1801,0.9251,0,-0.2213,0.4832,-0.6903,1]},
{"frame":32,"values":[0.9691,0.2405,0.0554,0,-0.2288,0.9596,-0.1639,0,-0.0926,0.1461,0.9849,0,-0.2213,0.4832,-0.6903,1]},
{"frame":33,"values":[0.9396,0.3358,-0.0667,0,-0.341,0.9004,-0.2701,0,-0.0306,0.2765,0.9605,0,-0.2213,0.4832,-0.6903,1]},
{"frame":54,"values":[0.9396,0.3358,-0.0667,0,-0.341,0.9004,-0.2701,0,-0.0306,0.2765,0.9605,0,-0.2213,0.4832,-0.6903,1]},
{"frame":94,"values":[0.9396,0.3358,-0.0667,0,-0.341,0.9004,-0.2701,0,-0.0306,0.2765,0.9605,0,-0.2213,0.4832,-0.6903,1]},
{"frame":95,"values":[0.9396,0.3358,-0.0667,0,-0.341,0.9004,-0.2701,0,-0.0306,0.2765,0.9605,0,-0.2213,0.4832,-0.6903,1]}],"loopBehavior":1,"name":"anim","property":"_matrix"}},
{"name":"Bone.011","index":8,"matrix":[0.9929,-0.098,-0.0669,0,0.0892,0.9883,-0.1238,0,0.0782,0.1169,0.9901,0,0,0.0437,0,1],"rest":[0.9929,-0.098,-0.0669,0,0.0892,0.9883,-0.1238,0,0.0782,0.1169,0.9901,0,0,0.0437,0,1],"parentBoneIndex":7,"length":0.0558
,"animation":{"dataType":3,"framePerSecond":24,"keys":[
{"frame":1,"values":[0.9929,-0.098,-0.0669,0,0.0892,0.9883,-0.1238,0,0.0782,0.1169,0.9901,0,0,0.0437,0,1]},
{"frame":8,"values":[0.9929,-0.098,-0.0669,0,0.0892,0.9883,-0.1238,0,0.0782,0.1169,0.9901,0,0,0.0437,0,1]},
{"frame":21,"values":[0.9929,-0.098,-0.0669,0,0.0892,0.9883,-0.1238,0,0.0782,0.1169,0.9901,0,0,0.0437,0,1]},
{"frame":38,"values":[0.9965,0.0202,-0.081,0,-0.039,0.9707,-0.2369,0,0.0738,0.2393,0.9681,0,0,0.0437,0,1]},
{"frame":39,"values":[0.9274,0.3235,-0.1879,0,-0.3736,0.7745,-0.5104,0,-0.0196,0.5435,0.8392,0,0,0.0437,0,1]},
{"frame":40,"values":[0.7574,0.5362,-0.3725,0,-0.6173,0.4025,-0.6759,0,-0.2125,0.7419,0.6359,0,0,0.0437,0,1]},
{"frame":41,"values":[0.6786,0.5804,-0.4501,0,-0.6712,0.2412,-0.7009,0,-0.2983,0.7778,0.5532,0,0,0.0437,0,1]},
{"frame":42,"values":[0.7297,0.5544,-0.4002,0,-0.6392,0.3451,-0.6873,0,-0.2429,0.7573,0.6062,0,0,0.0437,0,1]},
{"frame":43,"values":[0.8613,0.4343,-0.2637,0,-0.4988,0.6241,-0.6014,0,-0.0965,0.6495,0.7542,0,0,0.0437,0,1]},
{"frame":44,"values":[0.9726,0.1941,-0.1281,0,-0.2296,0.8886,-0.3971,0,0.0367,0.4156,0.9088,0,0,0.0437,0,1]},
{"frame":45,"values":[0.997,-0.0225,-0.0743,0,0.0075,0.9805,-0.1964,0,0.0773,0.1952,0.9777,0,0,0.0437,0,1]},
{"frame":46,"values":[0.9929,-0.098,-0.0669,0,0.0892,0.9883,-0.1238,0,0.0782,0.1169,0.9901,0,0,0.0437,0,1]},
{"frame":54,"values":[0.9929,-0.098,-0.0669,0,0.0892,0.9883,-0.1238,0,0.0782,0.1169,0.9901,0,0,0.0437,0,1]},
{"frame":94,"values":[0.9929,-0.098,-0.0669,0,0.0892,0.9883,-0.1238,0,0.0782,0.1169,0.9901,0,0,0.0437,0,1]},
{"frame":95,"values":[0.9929,-0.098,-0.0669,0,0.0892,0.9883,-0.1238,0,0.0782,0.1169,0.9901,0,0,0.0437,0,1]}],"loopBehavior":1,"name":"anim","property":"_matrix"}},
{"name":"Bone.012","index":9,"matrix":[0.9998,-0.0156,-0.0137,0,0.0153,0.9997,-0.0183,0,0.014,0.0181,0.9997,0,0,0.0558,0,1],"rest":[0.9998,-0.0156,-0.0137,0,0.0153,0.9997,-0.0183,0,0.014,0.0181,0.9997,0,0,0.0558,0,1],"parentBoneIndex":8,"length":0.0934
,"animation":{"dataType":3,"framePerSecond":24,"keys":[
{"frame":1,"values":[0.9998,-0.0156,-0.0137,0,0.0153,0.9997,-0.0183,0,0.014,0.0181,0.9997,0,0,0.0558,0,1]},
{"frame":8,"values":[0.9998,-0.0156,-0.0137,0,0.0153,0.9997,-0.0183,0,0.014,0.0181,0.9997,0,0,0.0558,0,1]},
{"frame":21,"values":[0.9998,-0.0156,-0.0137,0,0.0153,0.9997,-0.0183,0,0.014,0.0181,0.9997,0,0,0.0558,0,1]},
{"frame":34,"values":[0.9949,0.0986,0.0229,0,-0.0945,0.986,-0.1376,0,-0.0361,0.1347,0.9902,0,0,0.0558,0,1]},
{"frame":35,"values":[0.9079,0.4165,0.0484,0,-0.3486,0.814,-0.4647,0,-0.2329,0.405,0.8841,0,0,0.0558,0,1]},
{"frame":36,"values":[0.7307,0.6815,-0.039,0,-0.4865,0.4798,-0.7301,0,-0.4789,0.5525,0.6822,0,0,0.0558,0,1]},
{"frame":37,"values":[0.6519,0.7523,-0.0953,0,-0.501,0.333,-0.7988,0,-0.5693,0.5684,0.594,0,0,0.0558,0,1]},
{"frame":38,"values":[0.6676,0.7398,-0.0834,0,-0.4997,0.3622,-0.7868,0,-0.5519,0.567,0.6115,0,0,0.0558,0,1]},
{"frame":39,"values":[0.7146,0.6978,-0.0499,0,-0.4912,0.4496,-0.746,0,-0.4981,0.5576,0.664,0,0,0.0558,0,1]},
{"frame":40,"values":[0.7873,0.6166,-0.0039,0,-0.462,0.5857,-0.666,0,-0.4083,0.5261,0.746,0,0,0.0558,0,1]},
{"frame":41,"values":[0.87,0.4916,0.0365,0,-0.3965,0.7419,-0.5408,0,-0.293,0.456,0.8404,0,0,0.0558,0,1]},
{"frame":42,"values":[0.9397,0.3378,0.0529,0,-0.2931,0.8754,-0.3845,0,-0.1762,0.3458,0.9216,0,0,0.0558,0,1]},
{"frame":43,"values":[0.9812,0.1887,0.0415,0,-0.1743,0.9572,-0.2311,0,-0.0833,0.2195,0.972,0,0,0.0558,0,1]},
{"frame":44,"values":[0.9971,0.0741,0.0163,0,-0.0719,0.9911,-0.1122,0,-0.0245,0.1107,0.9936,0,0,0.0558,0,1]},
{"frame":45,"values":[1,0.0063,-0.0055,0,-0.0065,0.9991,-0.0412,0,0.0053,0.0413,0.9991,0,0,0.0558,0,1]},
{"frame":46,"values":[0.9998,-0.0156,-0.0137,0,0.0153,0.9997,-0.0183,0,0.014,0.0181,0.9997,0,0,0.0558,0,1]},
{"frame":54,"values":[0.9998,-0.0156,-0.0137,0,0.0153,0.9997,-0.0183,0,0.014,0.0181,0.9997,0,0,0.0558,0,1]},
{"frame":94,"values":[0.9998,-0.0156,-0.0137,0,0.0153,0.9997,-0.0183,0,0.014,0.0181,0.9997,0,0,0.0558,0,1]},
{"frame":95,"values":[0.9998,-0.0156,-0.0137,0,0.0153,0.9997,-0.0183,0,0.014,0.0181,0.9997,0,0,0.0558,0,1]}],"loopBehavior":1,"name":"anim","property":"_matrix"}},
{"name":"Bone.013","index":10,"matrix":[0.9035,0.4273,-0.0333,0,-0.4276,0.8935,-0.1371,0,-0.0288,0.1381,0.99,0,-0.0562,0.0719,0.0137,1],"rest":[0.9035,0.4273,-0.0333,0,-0.4276,0.8935,-0.1371,0,-0.0288,0.1381,0.99,0,-0.0562,0.0718,0.0137,1],"parentBoneIndex":0,"length":0.0481
,"animation":{"dataType":3,"framePerSecond":24,"keys":[
{"frame":1,"values":[0.9035,0.4273,-0.0333,0,-0.4276,0.8935,-0.1371,0,-0.0288,0.1381,0.99,0,-0.0562,0.0719,0.0137,1]},
{"frame":8,"values":[0.9035,0.4273,-0.0333,0,-0.4276,0.8935,-0.1371,0,-0.0288,0.1381,0.99,0,-0.0562,0.0719,0.0137,1]},
{"frame":21,"values":[0.9035,0.4273,-0.0333,0,-0.4276,0.8935,-0.1371,0,-0.0288,0.1381,0.99,0,-0.0562,0.0719,0.0137,1]},
{"frame":22,"values":[0.9283,0.3713,0.0217,0,-0.3684,0.926,-0.0821,0,-0.0506,0.0683,0.9964,0,-0.1023,0.0747,-0.0355,1]},
{"frame":23,"values":[0.9704,0.1819,0.159,0,-0.1986,0.9754,0.096,0,-0.1376,-0.1248,0.9826,0,-0.2264,0.0891,-0.1765,1]},
{"frame":24,"values":[0.9594,-0.0822,0.2698,0,-0.0128,0.943,0.3326,0,-0.2818,-0.3226,0.9036,0,-0.3608,0.1226,-0.3506,1]},
{"frame":25,"values":[0.9118,-0.2741,0.3057,0,0.0921,0.8621,0.4984,0,-0.4001,-0.4262,0.8113,0,-0.4326,0.1733,-0.4834,1]},
{"frame":26,"values":[0.8618,-0.4003,0.3114,0,0.1444,0.7823,0.606,0,-0.4862,-0.4773,0.732,0,-0.4685,0.243,-0.5877,1]},
{"frame":27,"values":[0.8091,-0.5021,0.3052,0,0.1736,0.7004,0.6923,0,-0.5614,-0.5072,0.6539,0,-0.509,0.3258,-0.6872,1]},
{"frame":28,"values":[0.7724,-0.5617,0.2966,0,0.1835,0.6443,0.7424,0,-0.6081,-0.519,0.6007,0,-0.5393,0.3897,-0.7537,1]},
{"frame":29,"values":[0.7608,-0.5788,0.2935,0,0.185,0.6268,0.7569,0,-0.622,-0.5216,0.584,0,-0.5495,0.4115,-0.7744,1]},
{"frame":30,"values":[0.8346,-0.4486,0.3198,0,0.1484,0.742,0.6537,0,-0.5306,-0.4982,0.6858,0,-0.5495,0.4115,-0.7744,1]},
{"frame":31,"values":[0.9604,-0.0469,0.2748,0,-0.043,0.9489,0.3126,0,-0.2754,-0.312,0.9093,0,-0.5495,0.4115,-0.7744,1]},
{"frame":32,"values":[0.9439,0.3228,0.0692,0,-0.3213,0.9465,-0.0316,0,-0.0757,0.0076,0.9971,0,-0.5495,0.4115,-0.7744,1]},
{"frame":33,"values":[0.9035,0.4273,-0.0333,0,-0.4276,0.8935,-0.1371,0,-0.0288,0.1381,0.99,0,-0.5495,0.4115,-0.7744,1]},
{"frame":54,"values":[0.9035,0.4273,-0.0333,0,-0.4276,0.8935,-0.1371,0,-0.0288,0.1381,0.99,0,-0.5495,0.4115,-0.7744,1]},
{"frame":94,"values":[0.9035,0.4273,-0.0333,0,-0.4276,0.8935,-0.1371,0,-0.0288,0.1381,0.99,0,-0.5495,0.4115,-0.7744,1]},
{"frame":95,"values":[0.9035,0.4273,-0.0333,0,-0.4276,0.8935,-0.1371,0,-0.0288,0.1381,0.99,0,-0.5495,0.4115,-0.7744,1]}],"loopBehavior":1,"name":"anim","property":"_matrix"}},
{"name":"Bone.014","index":11,"matrix":[1,-0.0067,-0.0034,0,0.0067,0.9999,-0.0104,0,0.0035,0.0104,0.9999,0,0,0.0481,0,1],"rest":[1,-0.0067,-0.0034,0,0.0067,0.9999,-0.0104,0,0.0035,0.0104,0.9999,0,0,0.0481,0,1],"parentBoneIndex":10,"length":0.0455
,"animation":{"dataType":3,"framePerSecond":24,"keys":[
{"frame":1,"values":[1,-0.0067,-0.0034,0,0.0067,0.9999,-0.0104,0,0.0035,0.0104,0.9999,0,0,0.0481,0,1]},
{"frame":8,"values":[1,-0.0067,-0.0034,0,0.0067,0.9999,-0.0104,0,0.0035,0.0104,0.9999,0,0,0.0481,0,1]},
{"frame":21,"values":[1,-0.0067,-0.0034,0,0.0067,0.9999,-0.0104,0,0.0035,0.0104,0.9999,0,0,0.0481,0,1]},
{"frame":38,"values":[0.994,0.1094,-0.0028,0,-0.1091,0.9887,-0.1029,0,-0.0085,0.1026,0.9947,0,0,0.0481,0,1]},
{"frame":39,"values":[0.9105,0.4097,-0.0555,0,-0.4028,0.8486,-0.3429,0,-0.0934,0.3346,0.9377,0,0,0.0481,0,1]},
{"frame":40,"values":[0.7415,0.6466,-0.1791,0,-0.6256,0.5698,-0.5328,0,-0.2425,0.5071,0.8271,0,0,0.0481,0,1]},
{"frame":41,"values":[0.6635,0.7092,-0.2383,0,-0.6817,0.4417,-0.5832,0,-0.3084,0.5494,0.7766,0,0,0.0481,0,1]},
{"frame":42,"values":[0.7141,0.6709,-0.1998,0,-0.6476,0.5248,-0.5524,0,-0.2658,0.5238,0.8093,0,0,0.0481,0,1]},
{"frame":43,"values":[0.8438,0.5267,-0.1032,0,-0.5142,0.7382,-0.4366,0,-0.1537,0.4214,0.8937,0,0,0.0481,0,1]},
{"frame":44,"values":[0.9598,0.2798,-0.0223,0,-0.2769,0.9307,-0.239,0,-0.0462,0.2356,0.9708,0,0,0.0481,0,1]},
{"frame":45,"values":[0.9977,0.0675,-0.0018,0,-0.0675,0.9953,-0.0695,0,-0.0029,0.0695,0.9976,0,0,0.0481,0,1]},
{"frame":46,"values":[1,-0.0067,-0.0034,0,0.0067,0.9999,-0.0104,0,0.0035,0.0104,0.9999,0,0,0.0481,0,1]},
{"frame":54,"values":[1,-0.0067,-0.0034,0,0.0067,0.9999,-0.0104,0,0.0035,0.0104,0.9999,0,0,0.0481,0,1]},
{"frame":94,"values":[1,-0.0067,-0.0034,0,0.0067,0.9999,-0.0104,0,0.0035,0.0104,0.9999,0,0,0.0481,0,1]},
{"frame":95,"values":[1,-0.0067,-0.0034,0,0.0067,0.9999,-0.0104,0,0.0035,0.0104,0.9999,0,0,0.0481,0,1]}],"loopBehavior":1,"name":"anim","property":"_matrix"}},
{"name":"Bone.015","index":12,"matrix":[0.9818,-0.1684,-0.0872,0,0.1454,0.9636,-0.2243,0,0.1218,0.2076,0.9706,0,0,0.0454,0,1],"rest":[0.9818,-0.1684,-0.0872,0,0.1454,0.9636,-0.2243,0,0.1218,0.2076,0.9706,0,0,0.0455,0,1],"parentBoneIndex":11,"length":0.0717
,"animation":{"dataType":3,"framePerSecond":24,"keys":[
{"frame":1,"values":[0.9818,-0.1684,-0.0872,0,0.1454,0.9636,-0.2243,0,0.1218,0.2076,0.9706,0,0,0.0454,0,1]},
{"frame":8,"values":[0.9818,-0.1684,-0.0872,0,0.1454,0.9636,-0.2243,0,0.1218,0.2076,0.9706,0,0,0.0454,0,1]},
{"frame":21,"values":[0.9818,-0.1684,-0.0872,0,0.1454,0.9636,-0.2243,0,0.1218,0.2076,0.9706,0,0,0.0454,0,1]},
{"frame":25,"values":[0.9818,-0.1684,-0.0872,0,0.1454,0.9636,-0.2243,0,0.1218,0.2076,0.9706,0,0,0.0455,0,1]},
{"frame":27,"values":[0.9818,-0.1684,-0.0872,0,0.1454,0.9636,-0.2243,0,0.1218,0.2076,0.9706,0,0,0.0454,0,1]},
{"frame":29,"values":[0.9818,-0.1684,-0.0872,0,0.1454,0.9636,-0.2243,0,0.1218,0.2076,0.9706,0,0,0.0455,0,1]},
{"frame":30,"values":[0.9818,-0.1684,-0.0872,0,0.1454,0.9636,-0.2243,0,0.1218,0.2076,0.9706,0,0,0.0454,0,1]},
{"frame":31,"values":[0.9818,-0.1684,-0.0872,0,0.1454,0.9636,-0.2243,0,0.1218,0.2076,0.9706,0,0,0.0455,0,1]},
{"frame":34,"values":[0.9894,-0.0463,-0.1374,0,-0.0027,0.9416,-0.3368,0,0.1449,0.3337,0.9315,0,0,0.0455,0,1]},
{"frame":35,"values":[0.9056,0.249,-0.3433,0,-0.4115,0.7118,-0.5693,0,0.1026,0.6568,0.747,0,0,0.0455,0,1]},
{"frame":36,"values":[0.6899,0.4101,-0.5965,0,-0.719,0.2927,-0.6304,0,-0.0839,0.8638,0.4968,0,0,0.0455,0,1]},
{"frame":37,"values":[0.5923,0.4252,-0.6844,0,-0.7863,0.1196,-0.6061,0,-0.1759,0.8971,0.4052,0,0,0.0455,0,1]},
{"frame":38,"values":[0.6117,0.4241,-0.6678,0,-0.7753,0.1535,-0.6127,0,-0.1573,0.8925,0.4227,0,0,0.0454,0,1]},
{"frame":39,"values":[0.6699,0.4153,-0.6155,0,-0.7354,0.2565,-0.6272,0,-0.1026,0.8728,0.4772,0,0,0.0455,0,1]},
{"frame":40,"values":[0.7601,0.3823,-0.5255,0,-0.6495,0.4219,-0.6325,0,-0.0201,0.8221,0.569,0,0,0.0455,0,1]},
{"frame":41,"values":[0.8611,0.3056,-0.4063,0,-0.5039,0.6186,-0.6028,0,0.0671,0.7239,0.6867,0,0,0.0455,0,1]},
{"frame":42,"values":[0.9413,0.1834,-0.2834,0,-0.3122,0.7923,-0.5243,0,0.1284,0.582,0.803,0,0,0.0455,0,1]},
{"frame":43,"values":[0.9815,0.0448,-0.186,0,-0.1199,0.9017,-0.4155,0,0.1491,0.4301,0.8904,0,0,0.0455,0,1]},
{"frame":44,"values":[0.9895,-0.0718,-0.1255,0,0.0291,0.949,-0.314,0,0.1417,0.307,0.9411,0,0,0.0455,0,1]},
{"frame":45,"values":[0.9849,-0.1445,-0.0958,0,0.1171,0.9619,-0.247,0,0.1278,0.232,0.9643,0,0,0.0454,0,1]},
{"frame":46,"values":[0.9818,-0.1684,-0.0872,0,0.1454,0.9636,-0.2243,0,0.1218,0.2076,0.9706,0,0,0.0455,0,1]},
{"frame":54,"values":[0.9818,-0.1684,-0.0872,0,0.1454,0.9636,-0.2243,0,0.1218,0.2076,0.9706,0,0,0.0455,0,1]},
{"frame":94,"values":[0.9818,-0.1684,-0.0872,0,0.1454,0.9636,-0.2243,0,0.1218,0.2076,0.9706,0,0,0.0455,0,1]},
{"frame":95,"values":[0.9818,-0.1684,-0.0872,0,0.1454,0.9636,-0.2243,0,0.1218,0.2076,0.9706,0,0,0.0455,0,1]}],"loopBehavior":1,"name":"anim","property":"_matrix"}}]
,"ranges":[{"name":"ArmatureAction","from":0,"to":8},{"name":"ArmatureAction.001","from":20,"to":54},{"name":"Plane.000Action","from":60,"to":95}]}],
"meshes":[{"name":"Plane.000","id":"Plane.000","materialId":"magicarm.Plane.000","billboardMode":0,"position":[0,0,0],"rotation":[0,0,0],"scaling":[1,1,1],"isVisible":false,"freezeWorldMatrix":false,"isEnabled":true,"checkCollisions":false,"receiveShadows":false,"pickable":true,"tags":"","skeletonId":0,"numBoneInfluencers":8
,"positions":[-0.1924,0.5696,-0.2222,-0.2005,0.5347,-0.2178,-0.2104,0.5659,-0.2268,-0.2186,0.5302,-0.2189,-0.2301,0.5623,-0.229,-0.2335,0.5935,-0.2421,-0.2139,0.5974,-0.2377,-0.1962,0.6012,-0.231,-0.2115,0.6266,-0.2476,-0.2297,0.6224,-0.2551,-0.2208,0.648,-0.2676,-0.2044,0.6527,-0.2568,-0.1948,0.6305,-0.2383,-0.2482,0.6177,-0.2612,-0.2537,0.5894,-0.2452,-0.2668,0.6127,-0.2667,-0.2533,0.6362,-0.286
,-0.2371,0.6423,-0.2771,-0.2369,0.5246,-0.2181,-0.2503,0.5581,-0.2297,-0.2552,0.5184,-0.2164,-0.2707,0.5535,-0.2298,-0.2743,0.5851,-0.2477,-0.2371,0.6423,-0.2771,-0.2385,0.6552,-0.3047,-0.2236,0.6626,-0.2922,-0.2222,0.6704,-0.3229,-0.2079,0.6791,-0.3067,-0.2087,0.6695,-0.2794,-0.2208,0.648,-0.2676,-0.2371,0.6423,-0.2771,-0.2044,0.6527,-0.2568,-0.1939,0.6752,-0.2659,-0.1937,0.6871,-0.2906
,-0.1799,0.6939,-0.2745,-0.18,0.6799,-0.252,-0.1891,0.6569,-0.245,-0.2044,0.6527,-0.2568,-0.1799,0.6939,-0.2745,-0.176,0.701,-0.301,-0.1625,0.7086,-0.282,-0.1555,0.7115,-0.3114,-0.1425,0.7198,-0.2893,-0.1503,0.7142,-0.2637,-0.1671,0.6991,-0.2585,-0.1799,0.6939,-0.2745,-0.2079,0.6791,-0.3067,-0.2038,0.6824,-0.3405,-0.1898,0.692,-0.3206,-0.1818,0.6915,-0.3579,-0.1686,0.7019,-0.3344
,-0.1937,0.6871,-0.2906,-0.2079,0.6791,-0.3067,-0.1762,0.661,-0.2323,-0.1679,0.6837,-0.2377,-0.1671,0.6991,-0.2585,-0.1561,0.7024,-0.2426,-0.1572,0.6856,-0.2211,-0.1651,0.6632,-0.2164,-0.1472,0.6843,-0.2003,-0.1363,0.7029,-0.2051,-0.1275,0.7007,-0.1821,-0.1384,0.6814,-0.1765,-0.1551,0.6617,-0.195,-0.1363,0.7029,-0.2051,-0.132,0.718,-0.2282,-0.1228,0.7173,-0.2077,-0.116,0.729,-0.2301
,-0.1078,0.7281,-0.2087,-0.114,0.7153,-0.1847,-0.1275,0.7007,-0.1821,-0.1363,0.7029,-0.2051,-0.1561,0.7024,-0.2426,-0.1406,0.7172,-0.2464,-0.1312,0.7257,-0.2685,-0.1231,0.7285,-0.2494,-0.146,0.7037,-0.2253,-0.1561,0.7024,-0.2426,-0.1549,0.6979,-0.3749,-0.1434,0.709,-0.3483,-0.121,0.7008,-0.3862,-0.1135,0.7129,-0.358,-0.132,0.7193,-0.3223,-0.1209,0.7279,-0.2971,-0.1058,0.7239,-0.33
,-0.0976,0.733,-0.3023,-0.1114,0.7341,-0.2734,-0.0769,0.7253,-0.3309,-0.0723,0.7351,-0.3016,-0.0472,0.7245,-0.3224,-0.0458,0.7346,-0.2925,-0.0671,0.7419,-0.273,-0.0903,0.7395,-0.2759,-0.0783,0.6995,-0.3866,-0.0784,0.713,-0.359,-0.0369,0.6923,-0.3837,-0.0432,0.7114,-0.3494,-0.1047,0.737,-0.2519,-0.0851,0.7426,-0.2519,-0.0989,0.7375,-0.231,-0.0922,0.7364,-0.2092,-0.0808,0.7431,-0.2294
,-0.0761,0.7418,-0.2077,-0.0845,0.7341,-0.186,-0.0992,0.7261,-0.1856,-0.0615,0.7456,-0.2236,-0.0594,0.7442,-0.2028,-0.0419,0.7449,-0.2115,-0.0428,0.7439,-0.192,-0.0551,0.7417,-0.182,-0.0698,0.7392,-0.1851,-0.0638,0.7451,-0.247,-0.0427,0.7414,-0.2626,-0.0416,0.7445,-0.2353,-0.1774,0.5741,-0.214,-0.1839,0.5392,-0.2141,-0.1813,0.6048,-0.2211,-0.1694,0.6071,-0.207,-0.1655,0.5776,-0.2017
,-0.1698,0.545,-0.2072,-0.1571,0.5783,-0.1847,-0.1587,0.5497,-0.1964,-0.1655,0.5776,-0.2017,-0.1655,0.5776,-0.2017,-0.1606,0.6068,-0.1881,-0.1537,0.6042,-0.166,-0.1506,0.5761,-0.1644,-0.1507,0.5511,-0.1812,-0.1597,0.6352,-0.1913,-0.1694,0.6071,-0.207,-0.1692,0.6363,-0.2118,-0.1466,0.6583,-0.1707,-0.152,0.6321,-0.1677,-0.1813,0.6048,-0.2211,-0.1948,0.6305,-0.2383,-0.1808,0.6342,-0.227
,-0.1813,0.6048,-0.2211,0.0631,0.4804,-0.1181,0.0271,0.4537,-0.1449,0.0413,0.4637,-0.1063,0.0719,0.4825,-0.0765,0.0878,0.503,-0.0876,0.0819,0.5034,-0.1286,0.057,0.4751,-0.1551,0.0946,0.5301,-0.1405,0.0787,0.5015,-0.1664,0.0994,0.5269,-0.0986,0.1068,0.5523,-0.1092,0.1011,0.5585,-0.1528,0.0918,0.5321,-0.1799,0.1078,0.522,-0.0519,0.0961,0.4993,-0.0417,0.1178,0.5159,-0.0004
,0.1265,0.5387,-0.0077,0.1159,0.5457,-0.0608,0.0812,0.4799,-0.0293,0.0531,0.467,-0.0647,0.0634,0.465,-0.0167,0.0905,0.475,0.0217,0.1058,0.4939,0.0088,0.0961,0.4993,-0.0417,0.0961,0.4993,-0.0417,0.0719,0.4825,-0.0765,-0.132,0.6062,-0.0546,-0.1223,0.626,-0.0164,-0.1264,0.5964,-0.0163,-0.1161,0.6157,0.0283,-0.1192,0.5856,0.0264,-0.124,0.5663,-0.0183,-0.1311,0.5765,-0.0549
,-0.1244,0.5479,-0.0598,-0.1152,0.538,-0.0241,-0.1154,0.5556,0.0223,-0.1048,0.5278,0.0162,-0.1024,0.5134,-0.0308,-0.1135,0.5222,-0.0657,-0.1053,0.5448,0.0668,-0.0938,0.5183,0.0609,-0.0936,0.5341,0.1145,-0.0817,0.5093,0.1091,-0.0786,0.4963,0.0547,-0.0904,0.5045,0.0095,-0.108,0.6035,0.0768,-0.1101,0.5737,0.0728,-0.0982,0.5904,0.1266,-0.0992,0.5615,0.1215,-0.0122,0.7257,-0.0687
,0.0143,0.7197,-0.0375,-0.002,0.7201,-0.0307,0.0236,0.713,0.0052,0.0064,0.7136,0.0118,-0.0196,0.718,-0.0269,-0.0385,0.7135,-0.0263,-0.0287,0.7235,-0.0658,-0.0316,0.7063,0.019,-0.0582,0.7054,-0.0257,-0.0468,0.7193,-0.0669,-0.0067,0.7039,0.0629,-0.0261,0.6978,0.0683,-0.0027,0.6939,0.1126,-0.0215,0.6869,0.1193,-0.0458,0.6882,0.0728,-0.0516,0.6975,0.0216,0.0299,0.7057,0.0528
,0.0122,0.7063,0.0588,0.0337,0.6968,0.103,0.0159,0.6969,0.1086,-0.0122,0.7115,0.0159,-0.0847,0.6994,-0.0637,-0.0781,0.6927,-0.0221,-0.0717,0.6848,0.0241,-0.0965,0.6753,-0.0181,-0.1023,0.6824,-0.0587,-0.1168,0.6607,-0.0569,-0.0965,0.6753,-0.0181,-0.1118,0.6527,-0.0166,-0.0903,0.6671,0.0264,-0.1058,0.6435,0.0281,-0.1271,0.635,-0.0562,-0.0838,0.6578,0.0744,-0.0986,0.6327,0.0763
,-0.0766,0.646,0.1245,-0.0901,0.6201,0.1263,-0.0656,0.6756,0.0741,-0.0404,0.6767,0.1249,-0.0594,0.664,0.1254,-0.0838,0.6578,0.0744,-0.0903,0.6671,0.0264,0.0585,0.6864,-0.2101,0.0822,0.6581,-0.1756,0.076,0.6734,-0.1641,0.0977,0.6438,-0.1265,0.0918,0.6599,-0.1153,0.0706,0.6849,-0.1468,0.0533,0.6973,-0.1917,0.0485,0.7056,-0.1707,0.0706,0.6849,-0.1468,0.0652,0.6941,-0.1268
,0.086,0.6727,-0.0985,0.0798,0.6832,-0.0783,0.0591,0.7014,-0.1049,0.0434,0.7119,-0.1474,0.1008,0.6619,-0.0458,0.0928,0.674,-0.0253,0.1136,0.6518,0.0113,0.1036,0.6653,0.0311,0.0837,0.6839,-0.0047,0.0725,0.6918,-0.0571,0.1146,0.6299,-0.0732,0.1082,0.647,-0.0623,0.1299,0.617,-0.0151,0.1229,0.6352,-0.0045,0.1008,0.6619,-0.0458,0.086,0.6727,-0.0985,0.1015,0.5866,-0.1646
,0.0967,0.5645,-0.1941,0.1097,0.5771,-0.1193,0.1086,0.601,-0.1269,0.0973,0.6133,-0.1738,0.0937,0.596,-0.2077,0.0901,0.6376,-0.1781,0.0857,0.6253,-0.2185,0.104,0.6237,-0.1298,0.0754,0.6507,-0.2241,0.1192,0.6106,-0.0772,0.1213,0.5899,-0.0755,0.1334,0.5986,-0.0198,0.1203,0.5683,-0.0694,0.1317,0.5598,-0.0146,0.1338,0.5796,-0.0193,-0.0363,0.4565,-0.0912,-0.0409,0.4613,-0.0529
,-0.0219,0.4563,-0.0625,-0.0086,0.455,-0.0266,0.0113,0.4546,-0.0389,-0.0013,0.4544,-0.075,0.0198,0.4559,-0.0908,-0.0158,0.4525,-0.103,0.0324,0.4581,-0.0519,0.0413,0.4637,-0.1063,0.0413,0.4637,-0.1063,0.0048,0.4513,-0.1198,0.0433,0.4563,-0.0061,0.0227,0.4524,0.0045,0.0528,0.4529,0.0439,0.0726,0.4608,0.0346,0.0036,0.452,0.0172,-0.0271,0.4588,-0.0161,-0.0142,0.4549,0.0287
,0.0145,0.4488,0.0662,0.0329,0.4494,0.0532,0.0375,0.7166,-0.1221,0.0517,0.7075,-0.0819,0.0635,0.6992,-0.0371,0.0421,0.7127,-0.0615,0.0293,0.7204,-0.0996,0.0173,0.7237,-0.0847,0.0293,0.717,-0.0472,0.0524,0.7052,-0.0195,0.039,0.71,-0.0053,0.003,0.7257,-0.0752,0.0599,0.6983,0.0271,0.0458,0.703,0.0414,0.065,0.6906,0.0775,0.0499,0.6947,0.0914,0.0726,0.692,0.0122
,0.0922,0.6761,0.0505,0.0792,0.6845,0.0649,-0.1002,0.501,-0.0691,-0.1024,0.5134,-0.0308,-0.0878,0.4943,-0.0355,-0.0904,0.5045,0.0095,-0.075,0.4875,0.0034,-0.0725,0.4798,-0.0399,-0.0858,0.4842,-0.072,-0.0713,0.4719,-0.0765,-0.0573,0.469,-0.0455,-0.0592,0.475,-0.0025,-0.0436,0.4655,-0.0086,-0.0553,0.463,-0.0828,-0.0465,0.4694,0.0408,-0.0307,0.4608,0.0355,-0.0187,0.4561,0.0843
,-0.0026,0.451,0.0781,-0.0786,0.4963,0.0547,-0.0627,0.4806,0.0476,-0.0786,0.4963,0.0547,-0.0505,0.4743,0.0961,-0.0344,0.4639,0.0889,0.0993,0.4704,0.0746,0.081,0.4574,0.0861,0.1067,0.4667,0.1284,0.1235,0.4829,0.1198,0.1153,0.4881,0.0636,0.1279,0.5093,0.0559,0.1058,0.4939,0.0088,0.1153,0.4881,0.0636,0.1153,0.4881,0.0636,0.1364,0.503,0.1134,0.1454,0.5242,0.1088
,0.1369,0.5313,0.0501,0.1418,0.4981,0.1685,0.1235,0.4829,0.1198,0.1289,0.4794,0.1741,0.1451,0.4943,0.2163,0.1537,0.5131,0.2135,0.1507,0.5181,0.165,0.1117,0.4646,0.1823,0.0878,0.455,0.1384,0.0926,0.4539,0.1919,0.1153,0.4634,0.2298,0.1323,0.477,0.2215,0.1289,0.4794,0.1741,0.1289,0.4794,0.1741,0.1409,0.6061,0.0485,0.1335,0.6247,0.0587,0.1477,0.5969,0.1127
