{"producer":{"name":"Blender","version":"2.79 (sub 0)","exporter_version":"5.6.4","file":"skeleton.babylon"},
"autoClear":true,"clearColor":[0.0509,0.0509,0.0509],"ambientColor":[0,0,0],"gravity":[0,-9.81,0],
"materials":[{"name":"skeleton.Material.010","id":"skeleton.Material.010","ambient":[0.23,0.9651,0.854],"diffuse":[0.184,0.7721,0.6832],"specular":[0,0,0],"emissive":[0,0,0],"specularPower":481,"alpha":1,"backFaceCulling":true,"checkReadyOnlyOnce":false,"maxSimultaneousLights":4}],
"multiMaterials":[],
"skeletons":[{"name":"Armature","id":0,"dimensionsAtRest":[20.8598,4.2658,74.511],"bones":[
{"name":"mixamorig:Hips","index":0,"matrix":[0.0265,0,0,0,0,0.0265,0,0,0,0,-0.0265,0,0,0.3896,-0.0056,1],"rest":[0.254,0,0,0,0,0,0.254,0,0,0.254,0,0,-0.0239,-0.0201,-0.9326,1],"parentBoneIndex":-1,"length":11.4659
,"animation":{"dataType":3,"framePerSecond":30,"keys":[
{"frame":68,"values":[0.0265,0,0,0,0,0.0265,0,0,0,0,-0.0265,0,0,0.3896,-0.0056,1]},
{"frame":69,"values":[0.0265,0,0,0,0,0.0265,0,0,0,0,-0.0265,0,0,0.3896,-0.0056,1]},
{"frame":81,"values":[0.0265,0,0,0,0,0.0265,0,0,0,0,-0.0265,0,0,0.3896,-0.0056,1]},
{"frame":123,"values":[0.0265,0,0,0,0,0.0265,0,0,0,0,-0.0265,0,0,0.3896,-0.0056,1]},
{"frame":130,"values":[0.0265,0,0,0,0,0.0265,0,0,0,0,-0.0265,0,0,0.3896,-0.0056,1]},
{"frame":131,"values":[0.0265,0,0,0,0,0.0265,0,0,0,0,-0.0265,0,0,0.3896,-0.0056,1]},
{"frame":141,"values":[0.6731,0,-0.0002,0,0.0002,0,0.6731,0,0,0.6731,0,0,-0.0008,0.1423,9.8947,1]},
{"frame":142,"values":[0.6731,0,-0.0002,0,0.0002,0,0.6731,0,0,0.6731,0,0,-0.0008,0.1423,9.8947,1]}],"loopBehavior":1,"name":"anim","property":"_matrix"}},
{"name":"mixamorig:Spine","index":1,"matrix":[1,-0.0037,0,0,0.0037,0.9932,-0.1162,0,0.0004,0.1162,0.9932,0,0.0129,3.1925,-0.3735,1],"rest":[1,-0.004,0,0,0.004,0.9932,-0.1162,0,0.0005,0.1162,0.9932,0,0.0129,3.1925,-0.3735,1],"parentBoneIndex":0,"length":9.9376
,"animation":{"dataType":3,"framePerSecond":30,"keys":[
{"frame":68,"values":[1,-0.0037,0,0,0.0037,0.9932,-0.1162,0,0.0004,0.1162,0.9932,0,0.0129,3.1925,-0.3735,1]},
{"frame":69,"values":[1,-0.0037,0,0,0.0037,0.9932,-0.1162,0,0.0004,0.1162,0.9932,0,0.0129,3.1925,-0.3735,1]},
{"frame":81,"values":[1,-0.0037,0,0,0.0037,0.9932,-0.1162,0,0.0004,0.1162,0.9932,0,0.0129,3.1925,-0.3735,1]},
{"frame":123,"values":[1,-0.0037,0,0,0.0037,0.9932,-0.1162,0,0.0004,0.1162,0.9932,0,0.0129,3.1925,-0.3735,1]},
{"frame":130,"values":[1,-0.0037,0,0,0.0037,0.9932,-0.1162,0,0.0004,0.1162,0.9932,0,0.0129,3.1925,-0.3735,1]},
{"frame":131,"values":[1,-0.0037,0,0,0.0037,0.9932,-0.1162,0,0.0004,0.1162,0.9932,0,0.0129,3.1925,-0.3735,1]},
{"frame":141,"values":[1,-0.0037,0,0,0.0037,0.9932,-0.1162,0,0.0004,0.1162,0.9932,0,0.0129,3.1925,-0.3735,1]},
{"frame":142,"values":[1,-0.0037,0,0,0.0037,0.9932,-0.1162,0,0.0004,0.1162,0.9932,0,0.0129,3.1925,-0.3735,1]}],"loopBehavior":1,"name":"anim","property":"_matrix"}},
{"name":"mixamorig:Spine1","index":2,"matrix":[1,0,0,0,0,1,0,0,0,0,1,0,0,3.75,0,1],"rest":[1,0,0,0,0,1,0,0,0,0,1,0,0,3.75,0,1],"parentBoneIndex":1,"length":11.3573
,"animation":{"dataType":3,"framePerSecond":30,"keys":[
{"frame":68,"values":[1,0,0,0,0,1,0,0,0,0,1,0,0,3.75,0,1]},
{"frame":69,"values":[1,0,0,0,0,1,0,0,0,0,1,0,0,3.75,0,1]},
{"frame":81,"values":[1,0,0,0,0,1,0,0,0,0,1,0,0,3.75,0,1]},
{"frame":123,"values":[1,0,0,0,0,1,0,0,0,0,1,0,0,3.75,0,1]},
{"frame":130,"values":[1,0,0,0,0,1,0,0,0,0,1,0,0,3.75,0,1]},
{"frame":131,"values":[1,0,0,0,0,1,0,0,0,0,1,0,0,3.75,0,1]},
{"frame":141,"values":[1,0,0,0,0,1,0,0,0,0,1,0,0,3.75,0,1]},
{"frame":142,"values":[1,0,0,0,0,1,0,0,0,0,1,0,0,3.75,0,1]}],"loopBehavior":1,"name":"anim","property":"_matrix"}},
{"name":"mixamorig:Spine2","index":3,"matrix":[1,0,0,0,0,1,0,0,0,0,1,0,0,4.2858,0,1],"rest":[1,0,0,0,0,1,0,0,0,0,1,0,0,4.2858,0,1],"parentBoneIndex":2,"length":12.6058
,"animation":{"dataType":3,"framePerSecond":30,"keys":[
{"frame":68,"values":[1,0,0,0,0,1,0,0,0,0,1,0,0,4.2858,0,1]},
{"frame":69,"values":[1,0,0,0,0,1,0,0,0,0,1,0,0,4.2858,0,1]},
{"frame":81,"values":[1,0,0,0,0,1,0,0,0,0,1,0,0,4.2858,0,1]},
{"frame":123,"values":[1,0,0,0,0,1,0,0,0,0,1,0,0,4.2858,0,1]},
{"frame":130,"values":[1,0,0,0,0,1,0,0,0,0,1,0,0,4.2858,0,1]},
{"frame":131,"values":[1,0,0,0,0,1,0,0,0,0,1,0,0,4.2858,0,1]},
{"frame":141,"values":[1,0,0,0,0,1,0,0,0,0,1,0,0,4.2858,0,1]},
{"frame":142,"values":[1,0,0,0,0,1,0,0,0,0,1,0,0,4.2858,0,1]}],"loopBehavior":1,"name":"anim","property":"_matrix"}},
{"name":"mixamorig:Neck","index":4,"matrix":[1,0.004,0.0005,0,-0.004,0.9932,0.1162,0,0,-0.1162,0.9932,0,0,4.8215,0,1],"rest":[1,0.004,0.0005,0,-0.004,0.9932,0.1162,0,0,-0.1162,0.9932,0,0,4.8215,0,1],"parentBoneIndex":3,"length":7.991
,"animation":{"dataType":3,"framePerSecond":30,"keys":[
{"frame":68,"values":[1,0.004,0.0005,0,-0.004,0.9932,0.1162,0,0,-0.1162,0.9932,0,0,4.8215,0,1]},
{"frame":69,"values":[1,0.004,0.0005,0,-0.004,0.9932,0.1162,0,0,-0.1162,0.9932,0,0,4.8215,0,1]},
{"frame":81,"values":[1,0.004,0.0005,0,-0.004,0.9932,0.1162,0,0,-0.1162,0.9932,0,0,4.8215,0,1]},
{"frame":123,"values":[1,0.004,0.0005,0,-0.004,0.9932,0.1162,0,0,-0.1162,0.9932,0,0,4.8215,0,1]},
{"frame":130,"values":[1,0.004,0.0005,0,-0.004,0.9932,0.1162,0,0,-0.1162,0.9932,0,0,4.8215,0,1]},
{"frame":131,"values":[1,0.004,0.0005,0,-0.004,0.9932,0.1162,0,0,-0.1162,0.9932,0,0,4.8215,0,1]},
{"frame":141,"values":[1,0.004,0.0005,0,-0.004,0.9932,0.1162,0,0,-0.1162,0.9932,0,0,4.8215,0,1]},
{"frame":142,"values":[1,0.004,0.0005,0,-0.004,0.9932,0.1162,0,0,-0.1162,0.9932,0,0,4.8215,0,1]}],"loopBehavior":1,"name":"anim","property":"_matrix"}},
{"name":"mixamorig:Head","index":5,"matrix":[1,0,0,0,0,1,0,0,0,0,1,0,0,2.9523,0.6139,1],"rest":[1,0,0,0,0,1,0,0,0,0,1,0,0,2.9523,0.6139,1],"parentBoneIndex":4,"length":22.7852
,"animation":{"dataType":3,"framePerSecond":30,"keys":[
{"frame":68,"values":[1,0,0,0,0,1,0,0,0,0,1,0,0,2.9523,0.6139,1]},
{"frame":69,"values":[1,0,0,0,0,1,0,0,0,0,1,0,0,2.9523,0.6139,1]},
{"frame":81,"values":[1,0,0,0,0,1,0,0,0,0,1,0,0,2.9523,0.6139,1]},
{"frame":123,"values":[1,0,0,0,0,1,0,0,0,0,1,0,0,2.9523,0.6139,1]},
{"frame":130,"values":[1,0,0,0,0,1,0,0,0,0,1,0,0,2.9523,0.6139,1]},
{"frame":131,"values":[1,0,0,0,0,1,0,0,0,0,1,0,0,2.9523,0.6139,1]},
{"frame":141,"values":[1,0,0,0,0,1,0,0,0,0,1,0,0,2.9523,0.6139,1]},
{"frame":142,"values":[1,0,0,0,0,1,0,0,0,0,1,0,0,2.9523,0.6139,1]}],"loopBehavior":1,"name":"anim","property":"_matrix"}},
{"name":"mixamorig:HeadTop_End","index":6,"matrix":[1,0,0,0,0,1,0,0,0,0,1,0,0,8.4181,1.7505,1],"rest":[1,0,0,0,0,1,0,0,0,0,1,0,0,8.4181,1.7505,1],"parentBoneIndex":5,"length":22.7852
,"animation":{"dataType":3,"framePerSecond":30,"keys":[
{"frame":68,"values":[1,0,0,0,0,1,0,0,0,0,1,0,0,8.4181,1.7505,1]},
{"frame":69,"values":[1,0,0,0,0,1,0,0,0,0,1,0,0,8.4181,1.7505,1]},
{"frame":81,"values":[1,0,0,0,0,1,0,0,0,0,1,0,0,8.4181,1.7505,1]},
{"frame":123,"values":[1,0,0,0,0,1,0,0,0,0,1,0,0,8.4181,1.7505,1]},
{"frame":130,"values":[1,0,0,0,0,1,0,0,0,0,1,0,0,8.4181,1.7505,1]},
{"frame":131,"values":[1,0,0,0,0,1,0,0,0,0,1,0,0,8.4181,1.7505,1]},
{"frame":141,"values":[1,0,0,0,0,1,0,0,0,0,1,0,0,8.4181,1.7505,1]},
{"frame":142,"values":[1,0,0,0,0,1,0,0,0,0,1,0,0,8.4181,1.7505,1]}],"loopBehavior":1,"name":"anim","property":"_matrix"}},
{"name":"mixamorig:LeftShoulder","index":7,"matrix":[-0.0306,-0.0136,-0.9994,0,0.9995,-0.0039,-0.0306,0,-0.0034,-0.9999,0.0137,0,2.2451,4.1635,-0.1476,1],"rest":[-0.0656,0,-0.9978,0,0.9577,-0.2807,-0.063,0,-0.2801,-0.9598,0.0184,0,2.2451,4.1635,-0.1476,1],"parentBoneIndex":3,"length":12.424
,"animation":{"dataType":3,"framePerSecond":30,"keys":[
{"frame":68,"values":[-0.0306,-0.0136,-0.9994,0,0.9995,-0.0039,-0.0306,0,-0.0034,-0.9999,0.0137,0,2.2451,4.1635,-0.1476,1]},
{"frame":69,"values":[-0.0306,-0.0136,-0.9994,0,0.9995,-0.0039,-0.0306,0,-0.0034,-0.9999,0.0137,0,2.2451,4.1635,-0.1476,1]},
{"frame":81,"values":[-0.0306,-0.0136,-0.9994,0,0.9995,-0.0039,-0.0306,0,-0.0034,-0.9999,0.0137,0,2.2451,4.1635,-0.1476,1]},
{"frame":123,"values":[-0.0306,-0.0136,-0.9994,0,0.9995,-0.0039,-0.0306,0,-0.0034,-0.9999,0.0137,0,2.2451,4.1635,-0.1476,1]},
{"frame":130,"values":[-0.0306,-0.0136,-0.9994,0,0.9995,-0.0039,-0.0306,0,-0.0034,-0.9999,0.0137,0,2.2451,4.1635,-0.1476,1]},
{"frame":131,"values":[-0.0306,-0.0136,-0.9994,0,0.9995,-0.0039,-0.0306,0,-0.0034,-0.9999,0.0137,0,2.2451,4.1635,-0.1476,1]},
{"frame":141,"values":[-0.0306,-0.0136,-0.9994,0,0.9995,-0.0039,-0.0306,0,-0.0034,-0.9999,0.0137,0,2.2451,4.1635,-0.1476,1]},
{"frame":142,"values":[-0.0306,-0.0136,-0.9994,0,0.9995,-0.0039,-0.0306,0,-0.0034,-0.9999,0.0137,0,2.2451,4.1635,-0.1476,1]}],"loopBehavior":1,"name":"anim","property":"_matrix"}},
{"name":"mixamorig:LeftArm","index":8,"matrix":[0.167,0.9445,-0.2828,0,-0.9851,0.1475,-0.0889,0,-0.0422,0.2934,0.955,0,0,4.6883,0,1],"rest":[0.9696,0,-0.2447,0,0.2065,0.536,0.8185,0,0.1312,-0.8442,0.5197,0,0,4.6883,0,1],"parentBoneIndex":7,"length":28.3014
,"animation":{"dataType":3,"framePerSecond":30,"keys":[
{"frame":68,"values":[0.167,0.9445,-0.2828,0,-0.9851,0.1475,-0.0889,0,-0.0422,0.2934,0.955,0,0,4.6883,0,1]},
{"frame":69,"values":[0.167,0.9445,-0.2828,0,-0.9851,0.1475,-0.0889,0,-0.0422,0.2934,0.955,0,0,4.6883,0,1]},
{"frame":81,"values":[0.9866,0.0295,-0.1604,0,-0.0311,0.9995,-0.0075,0,0.1601,0.0123,0.987,0,0,4.6883,0,1]},
{"frame":82,"values":[0.9756,0.1834,-0.1204,0,-0.1594,0.9697,0.185,0,0.1507,-0.1613,0.9753,0,0,4.6883,0,1]},
{"frame":83,"values":[0.9441,0.3257,-0.0506,0,-0.2858,0.8855,0.3664,0,0.1641,-0.3314,0.9291,0,0,4.6883,0,1]},
{"frame":84,"values":[0.8947,0.4446,0.0432,0,-0.3998,0.7538,0.5215,0,0.1993,-0.4839,0.8522,0,0,4.6883,0,1]},
{"frame":85,"values":[0.7656,0.6404,0.0612,0,-0.5972,0.6723,0.4375,0,0.239,-0.3715,0.8971,0,0,4.6883,0,1]},
{"frame":86,"values":[0.5039,0.8632,-0.0319,0,-0.8431,0.4996,0.199,0,0.1877,-0.0734,0.9795,0,0,4.6883,0,1]},
{"frame":87,"values":[0.2515,0.9457,-0.2058,0,-0.9673,0.253,-0.0196,0,0.0335,0.204,0.9784,0,0,4.6883,0,1]},
{"frame":88,"values":[0.167,0.9445,-0.2828,0,-0.9851,0.1475,-0.0889,0,-0.0422,0.2934,0.955,0,0,4.6883,0,1]},
{"frame":123,"values":[0.167,0.9445,-0.2828,0,-0.9851,0.1475,-0.0889,0,-0.0422,0.2934,0.955,0,0,4.6883,0,1]},
{"frame":130,"values":[0.167,0.9445,-0.2828,0,-0.9851,0.1475,-0.0889,0,-0.0422,0.2934,0.955,0,0,4.6883,0,1]},
{"frame":131,"values":[0.167,0.9445,-0.2828,0,-0.9851,0.1475,-0.0889,0,-0.0422,0.2934,0.955,0,0,4.6883,0,1]},
{"frame":141,"values":[0.167,0.9445,-0.2828,0,-0.9851,0.1475,-0.0889,0,-0.0422,0.2934,0.955,0,0,4.6883,0,1]},
{"frame":142,"values":[0.167,0.9445,-0.2828,0,-0.9851,0.1475,-0.0889,0,-0.0422,0.2934,0.955,0,0,4.6883,0,1]}],"loopBehavior":1,"name":"anim","property":"_matrix"}},
{"name":"mixamorig:LeftForeArm","index":9,"matrix":[0.7822,0.3207,0.5341,0,-0.2804,0.9468,-0.1579,0,-0.5563,-0.0262,0.8305,0,0,10.6798,0,1],"rest":[0.9444,0.3288,0,0,-0.3206,0.9208,0.2221,0,0.073,-0.2097,0.975,0,0,10.6798,0,1],"parentBoneIndex":8,"length":26.3686
,"animation":{"dataType":3,"framePerSecond":30,"keys":[
{"frame":68,"values":[0.7822,0.3207,0.5341,0,-0.2804,0.9468,-0.1579,0,-0.5563,-0.0262,0.8305,0,0,10.6798,0,1]},
{"frame":69,"values":[0.7822,0.3207,0.5341,0,-0.2804,0.9468,-0.1579,0,-0.5563,-0.0262,0.8305,0,0,10.6798,0,1]},
{"frame":81,"values":[0.9993,0,-0.038,0,0,1,0,0,0.038,0,0.9993,0,0,10.6798,0,1]},
{"frame":82,"values":[0.992,-0.0415,-0.1191,0,0.0426,0.9991,0.0067,0,0.1187,-0.0117,0.9929,0,0,10.6798,0,1]},
{"frame":83,"values":[0.9756,-0.0835,-0.203,0,0.0874,0.9961,0.01,0,0.2014,-0.0275,0.9791,0,0,10.6798,0,1]},
{"frame":84,"values":[0.9491,-0.1255,-0.2887,0,0.1338,0.991,0.0093,0,0.285,-0.0475,0.9574,0,0,10.6798,0,1]},
{"frame":85,"values":[0.9119,-0.1666,-0.375,0,0.1814,0.9834,0.0043,0,0.3681,-0.0719,0.927,0,0,10.6798,0,1]},
{"frame":86,"values":[0.8636,-0.206,-0.4602,0,0.2292,0.9734,-0.0055,0,0.4491,-0.1008,0.8878,0,0,10.6798,0,1]},
{"frame":87,"values":[0.8041,-0.2428,-0.5427,0,0.2765,0.9608,-0.0201,0,0.5263,-0.1339,0.8397,0,0,10.6798,0,1]},
{"frame":88,"values":[0.7337,-0.2762,-0.6208,0,0.3223,0.9458,-0.0398,0,0.5981,-0.1709,0.783,0,0,10.6798,0,1]},
{"frame":89,"values":[0.6535,-0.3053,-0.6927,0,0.3657,0.9285,-0.0643,0,0.6628,-0.2113,0.7184,0,0,10.6798,0,1]},
{"frame":90,"values":[0.5645,-0.3295,-0.7568,0,0.4057,0.9093,-0.0933,0,0.7189,-0.2543,0.6469,0,0,10.6798,0,1]},
{"frame":91,"values":[0.4684,-0.3483,-0.812,0,0.4415,0.8883,-0.1263,0,0.7653,-0.2993,0.5698,0,0,10.6798,0,1]},
{"frame":92,"values":[0.3671,-0.3613,-0.8571,0,0.4726,0.8662,-0.1627,0,0.8012,-0.3453,0.4887,0,0,10.6798,0,1]},
{"frame":93,"values":[0.2627,-0.3685,-0.8917,0,0.4984,0.8432,-0.2016,0,0.8262,-0.3915,0.4052,0,0,10.6798,0,1]},
{"frame":94,"values":[0.1572,-0.37,-0.9156,0,0.5187,0.8199,-0.2422,0,0.8404,-0.4369,0.3208,0,0,10.6798,0,1]},
{"frame":95,"values":[0.0525,-0.3661,-0.9291,0,0.5336,0.7967,-0.2838,0,0.8441,-0.4809,0.2372,0,0,10.6798,0,1]},
{"frame":96,"values":[-0.0496,-0.3574,-0.9326,0,0.5432,0.774,-0.3254,0,0.8382,-0.5227,0.1557,0,0,10.6798,0,1]},
{"frame":97,"values":[-0.1476,-0.3443,-0.9272,0,0.5477,0.7521,-0.3665,0,0.8235,-0.5619,0.0776,0,0,10.6798,0,1]},
{"frame":98,"values":[-0.2405,-0.3277,-0.9137,0,0.5477,0.7313,-0.4064,0,0.8014,-0.5982,0.0036,0,0,10.6798,0,1]},
{"frame":99,"values":[-0.3273,-0.308,-0.8933,0,0.5437,0.7118,-0.4447,0,0.7728,-0.6312,-0.0655,0,0,10.6798,0,1]},
{"frame":100,"values":[-0.3204,-0.3097,-0.8952,0,0.5442,0.7133,-0.4416,0,0.7754,-0.6287,-0.06,0,0,10.6798,0,1]},
{"frame":101,"values":[-0.2993,-0.3148,-0.9007,0,0.5454,0.7181,-0.4322,0,0.7829,-0.6207,-0.0432,0,0,10.6798,0,1]},
{"frame":102,"values":[-0.2628,-0.323,-0.9092,0,0.5471,0.7263,-0.4162,0,0.7948,-0.6068,-0.0142,0,0,10.6798,0,1]},
{"frame":103,"values":[-0.2092,-0.3338,-0.9191,0,0.5482,0.7383,-0.3929,0,0.8097,-0.5861,0.0285,0,0,10.6798,0,1]},
{"frame":104,"values":[-0.1367,-0.346,-0.9282,0,0.5474,0.7546,-0.3619,0,0.8256,-0.5576,0.0863,0,0,10.6798,0,1]},
{"frame":105,"values":[-0.0431,-0.3581,-0.9327,0,0.5427,0.7754,-0.3228,0,0.8388,-0.5201,0.1609,0,0,10.6798,0,1]},
{"frame":106,"values":[0.0724,-0.3673,-0.9273,0,0.5312,0.8011,-0.2758,0,0.8442,-0.4726,0.2531,0,0,10.6798,0,1]},
{"frame":107,"values":[0.2092,-0.3699,-0.9052,0,0.5094,0.8314,-0.222,0,0.8347,-0.4147,0.3624,0,0,10.6798,0,1]},
{"frame":108,"values":[0.3628,-0.3617,-0.8588,0,0.4738,0.8652,-0.1643,0,0.8024,-0.3473,0.4853,0,0,10.6798,0,1]},
{"frame":109,"values":[0.5243,-0.3382,-0.7815,0,0.4215,0.9005,-0.1069,0,0.7399,-0.2733,0.6147,0,0,10.6798,0,1]},
{"frame":110,"values":[0.6801,-0.2965,-0.6705,0,0.3521,0.9343,-0.056,0,0.643,-0.198,0.7398,0,0,10.6798,0,1]},
{"frame":111,"values":[0.8149,-0.2368,-0.5291,0,0.2686,0.9631,-0.0173,0,0.5137,-0.128,0.8484,0,0,10.6798,0,1]},
{"frame":112,"values":[0.9156,-0.1631,-0.3675,0,0.1772,0.9842,0.0049,0,0.3609,-0.0696,0.93,0,0,10.6798,0,1]},
{"frame":113,"values":[0.9764,-0.082,-0.1999,0,0.0857,0.9963,0.0099,0,0.1984,-0.0268,0.9798,0,0,10.6798,0,1]},
{"frame":114,"values":[0.9992,-0.0011,-0.0401,0,0.0011,1,0.0002,0,0.0401,-0.0003,0.9992,0,0,10.6798,0,1]},
{"frame":115,"values":[0.9921,0.0737,0.1019,0,-0.072,0.9972,-0.0197,0,-0.1031,0.0122,0.9946,0,0,10.6798,0,1]},
{"frame":116,"values":[0.9653,0.1387,0.2213,0,-0.132,0.9902,-0.045,0,-0.2254,0.0143,0.9742,0,0,10.6798,0,1]},
{"frame":117,"values":[0.9286,0.1926,0.3174,0,-0.179,0.9812,-0.0717,0,-0.3252,0.0097,0.9456,0,0,10.6798,0,1]},
{"frame":118,"values":[0.8894,0.2354,0.3918,0,-0.2147,0.9719,-0.0967,0,-0.4035,0.0019,0.915,0,0,10.6798,0,1]},
{"frame":119,"values":[0.8531,0.2682,0.4475,0,-0.2408,0.9633,-0.1183,0,-0.4629,-0.0068,0.8864,0,0,10.6798,0,1]},
{"frame":120,"values":[0.8228,0.2922,0.4874,0,-0.2592,0.9562,-0.1356,0,-0.5057,-0.0148,0.8626,0,0,10.6798,0,1]},
{"frame":121,"values":[0.8004,0.3084,0.514,0,-0.2713,0.951,-0.148,0,-0.5345,-0.021,0.8449,0,0,10.6798,0,1]},
{"frame":122,"values":[0.7868,0.3177,0.5292,0,-0.2782,0.9479,-0.1554,0,-0.551,-0.0249,0.8341,0,0,10.6798,0,1]},
{"frame":123,"values":[0.7822,0.3207,0.5341,0,-0.2804,0.9468,-0.1579,0,-0.5563,-0.0262,0.8305,0,0,10.6798,0,1]},
{"frame":130,"values":[0.7822,0.3207,0.5341,0,-0.2804,0.9468,-0.1579,0,-0.5563,-0.0262,0.8305,0,0,10.6798,0,1]},
{"frame":131,"values":[0.7822,0.3207,0.5341,0,-0.2804,0.9468,-0.1579,0,-0.5563,-0.0262,0.8305,0,0,10.6798,0,1]},
{"frame":141,"values":[0.7822,0.3207,0.5341,0,-0.2804,0.9468,-0.1579,0,-0.5563,-0.0262,0.8305,0,0,10.6798,0,1]},
{"frame":142,"values":[0.7822,0.3207,0.5341,0,-0.2804,0.9468,-0.1579,0,-0.5563,-0.0262,0.8305,0,0,10.6798,0,1]}],"loopBehavior":1,"name":"anim","property":"_matrix"}},
{"name":"mixamorig:LeftHand","index":10,"matrix":[1,0,-0.0002,0,0,1,0,0,0.0002,0,1,0,0,9.9504,0,1],"rest":[0.9996,-0.0291,0,0,0.0291,0.9995,-0.0128,0,0.0004,0.0128,0.9999,0,0,9.9504,0,1],"parentBoneIndex":9,"length":9.6525
,"animation":{"dataType":3,"framePerSecond":30,"keys":[
{"frame":68,"values":[1,0,-0.0002,0,0,1,0,0,0.0002,0,1,0,0,9.9504,0,1]},
{"frame":69,"values":[1,0,-0.0002,0,0,1,0,0,0.0002,0,1,0,0,9.9504,0,1]},
{"frame":81,"values":[1,0,-0.0002,0,0,1,0,0,0.0002,0,1,0,0,9.9504,0,1]},
{"frame":123,"values":[1,0,-0.0002,0,0,1,0,0,0.0002,0,1,0,0,9.9504,0,1]},
{"frame":130,"values":[1,0,-0.0002,0,0,1,0,0,0.0002,0,1,0,0,9.9504,0,1]},
{"frame":131,"values":[1,0,-0.0002,0,0,1,0,0,0.0002,0,1,0,0,9.9504,0,1]},
{"frame":141,"values":[1,0,-0.0002,0,0,1,0,0,0.0002,0,1,0,0,9.9504,0,1]},
{"frame":142,"values":[1,0,-0.0002,0,0,1,0,0,0.0002,0,1,0,0,9.9504,0,1]}],"loopBehavior":1,"name":"anim","property":"_matrix"}},
{"name":"mixamorig:LeftHandIndex1","index":11,"matrix":[1,0,-0.001,0,0,1,0,0,0.001,0,1,0,0,3.6424,0,1],"rest":[0.9998,-0.0206,0,0,0.0205,0.9949,-0.0992,0,0.002,0.0992,0.9951,0,0,3.6424,0,1],"parentBoneIndex":10,"length":2.3645
,"animation":{"dataType":3,"framePerSecond":30,"keys":[
{"frame":68,"values":[1,0,-0.001,0,0,1,0,0,0.001,0,1,0,0,3.6424,0,1]},
{"frame":69,"values":[1,0,-0.001,0,0,1,0,0,0.001,0,1,0,0,3.6424,0,1]},
{"frame":81,"values":[1,0,-0.001,0,0,1,0,0,0.001,0,1,0,0,3.6424,0,1]},
{"frame":123,"values":[1,0,-0.001,0,0,1,0,0,0.001,0,1,0,0,3.6424,0,1]},
{"frame":130,"values":[1,0,-0.001,0,0,1,0,0,0.001,0,1,0,0,3.6424,0,1]},
{"frame":131,"values":[1,0,-0.001,0,0,1,0,0,0.001,0,1,0,0,3.6424,0,1]},
{"frame":141,"values":[1,0,-0.001,0,0,1,0,0,0.001,0,1,0,0,3.6424,0,1]},
{"frame":142,"values":[1,0,-0.001,0,0,1,0,0,0.001,0,1,0,0,3.6424,0,1]}],"loopBehavior":1,"name":"anim","property":"_matrix"}},
{"name":"mixamorig:LeftHandIndex2","index":12,"matrix":[0.9996,0.0296,-0.0021,0,-0.0296,0.9892,-0.1437,0,-0.0021,0.1437,0.9896,0,0,0.8923,0,1],"rest":[1,0,0,0,0,1,0,0,0,0,1,0,0,0.8923,0,1],"parentBoneIndex":11,"length":3.6303
,"animation":{"dataType":3,"framePerSecond":30,"keys":[
{"frame":68,"values":[0.9996,0.0296,-0.0021,0,-0.0296,0.9892,-0.1437,0,-0.0021,0.1437,0.9896,0,0,0.8923,0,1]},
{"frame":69,"values":[0.9996,0.0296,-0.0021,0,-0.0296,0.9892,-0.1437,0,-0.0021,0.1437,0.9896,0,0,0.8923,0,1]},
{"frame":81,"values":[0.9996,0.0296,-0.0021,0,-0.0296,0.9892,-0.1437,0,-0.0021,0.1437,0.9896,0,0,0.8923,0,1]},
{"frame":123,"values":[0.9996,0.0296,-0.0021,0,-0.0296,0.9892,-0.1437,0,-0.0021,0.1437,0.9896,0,0,0.8923,0,1]},
{"frame":130,"values":[0.9996,0.0296,-0.0021,0,-0.0296,0.9892,-0.1437,0,-0.0021,0.1437,0.9896,0,0,0.8923,0,1]},
{"frame":131,"values":[0.9996,0.0296,-0.0021,0,-0.0296,0.9892,-0.1437,0,-0.0021,0.1437,0.9896,0,0,0.8923,0,1]},
{"frame":141,"values":[0.9996,0.0296,-0.0021,0,-0.0296,0.9892,-0.1437,0,-0.0021,0.1437,0.9896,0,0,0.8923,0,1]},
{"frame":142,"values":[0.9996,0.0296,-0.0021,0,-0.0296,0.9892,-0.1437,0,-0.0021,0.1437,0.9896,0,0,0.8923,0,1]}],"loopBehavior":1,"name":"anim","property":"_matrix"}},
{"name":"mixamorig:LeftHandIndex3","index":13,"matrix":[0.9992,-0.0396,-0.007,0,0.0383,0.9909,-0.1288,0,0.012,0.1284,0.9916,0,0.0405,1.3551,0.1968,1],"rest":[1,0,0,0,0,1,0,0,0,0,1,0,0.0405,1.3551,0.1968,1],"parentBoneIndex":12,"length":3.4293
,"animation":{"dataType":3,"framePerSecond":30,"keys":[
{"frame":68,"values":[0.9992,-0.0396,-0.007,0,0.0383,0.9909,-0.1288,0,0.012,0.1284,0.9916,0,0.0405,1.3551,0.1968,1]},
{"frame":69,"values":[0.9992,-0.0396,-0.007,0,0.0383,0.9909,-0.1288,0,0.012,0.1284,0.9916,0,0.0405,1.3551,0.1968,1]},
{"frame":81,"values":[0.9992,-0.0396,-0.007,0,0.0383,0.9909,-0.1288,0,0.012,0.1284,0.9916,0,0.0405,1.3551,0.1968,1]},
{"frame":123,"values":[0.9992,-0.0396,-0.007,0,0.0383,0.9909,-0.1288,0,0.012,0.1284,0.9916,0,0.0405,1.3551,0.1968,1]},
{"frame":130,"values":[0.9992,-0.0396,-0.007,0,0.0383,0.9909,-0.1288,0,0.012,0.1284,0.9916,0,0.0405,1.3551,0.1968,1]},
{"frame":131,"values":[0.9992,-0.0396,-0.007,0,0.0383,0.9909,-0.1288,0,0.012,0.1284,0.9916,0,0.0405,1.3551,0.1968,1]},
{"frame":141,"values":[0.9992,-0.0396,-0.007,0,0.0383,0.9909,-0.1288,0,0.012,0.1284,0.9916,0,0.0405,1.3551,0.1968,1]},
{"frame":142,"values":[0.9992,-0.0396,-0.007,0,0.0383,0.9909,-0.1288,0,0.012,0.1284,0.9916,0,0.0405,1.3551,0.1968,1]}],"loopBehavior":1,"name":"anim","property":"_matrix"}},
{"name":"mixamorig:LeftHandIndex4","index":14,"matrix":[1,0,0,0,0,1,0,0,0,0,1,0,-0.0137,1.246,0.3492,1],"rest":[1,0,0,0,0,1,0,0,0,0,1,0,-0.0137,1.246,0.3492,1],"parentBoneIndex":13,"length":3.4293
,"animation":{"dataType":3,"framePerSecond":30,"keys":[
{"frame":68,"values":[1,0,0,0,0,1,0,0,0,0,1,0,-0.0137,1.246,0.3492,1]},
{"frame":69,"values":[1,0,0,0,0,1,0,0,0,0,1,0,-0.0137,1.246,0.3492,1]},
{"frame":81,"values":[1,0,0,0,0,1,0,0,0,0,1,0,-0.0137,1.246,0.3492,1]},
{"frame":123,"values":[1,0,0,0,0,1,0,0,0,0,1,0,-0.0137,1.246,0.3492,1]},
{"frame":130,"values":[1,0,0,0,0,1,0,0,0,0,1,0,-0.0137,1.246,0.3492,1]},
{"frame":131,"values":[1,0,0,0,0,1,0,0,0,0,1,0,-0.0137,1.246,0.3492,1]},
{"frame":141,"values":[1,0,0,0,0,1,0,0,0,0,1,0,-0.0137,1.246,0.3492,1]},
{"frame":142,"values":[1,0,0,0,0,1,0,0,0,0,1,0,-0.0137,1.246,0.3492,1]}],"loopBehavior":1,"name":"anim","property":"_matrix"}},
{"name":"mixamorig:RightShoulder","index":15,"matrix":[0.0281,-0.0033,0.9996,0,-0.9995,-0.0139,0.028,0,0.0138,-0.9999,-0.0037,0,-2.2798,4.1291,-0.0104,1],"rest":[-0.0046,0,1,0,-0.9568,-0.2906,-0.0044,0,0.2906,-0.9568,0.0013,0,-2.2798,4.1291,-0.0104,1],"parentBoneIndex":3,"length":12.6279
,"animation":{"dataType":3,"framePerSecond":30,"keys":[
{"frame":68,"values":[0.0281,-0.0033,0.9996,0,-0.9995,-0.0139,0.028,0,0.0138,-0.9999,-0.0037,0,-2.2798,4.1291,-0.0104,1]},
{"frame":69,"values":[0.0281,-0.0033,0.9996,0,-0.9995,-0.0139,0.028,0,0.0138,-0.9999,-0.0037,0,-2.2798,4.1291,-0.0104,1]},
{"frame":81,"values":[0.0281,-0.0033,0.9996,0,-0.9995,-0.0139,0.028,0,0.0138,-0.9999,-0.0037,0,-2.2798,4.1291,-0.0104,1]},
{"frame":123,"values":[0.0281,-0.0033,0.9996,0,-0.9995,-0.0139,0.028,0,0.0138,-0.9999,-0.0037,0,-2.2798,4.1291,-0.0104,1]},
{"frame":130,"values":[0.0281,-0.0033,0.9996,0,-0.9995,-0.0139,0.028,0,0.0138,-0.9999,-0.0037,0,-2.2798,4.1291,-0.0104,1]},
{"frame":131,"values":[0.0281,-0.0033,0.9996,0,-0.9995,-0.0139,0.028,0,0.0138,-0.9999,-0.0037,0,-2.2798,4.1291,-0.0104,1]},
{"frame":141,"values":[0.0281,-0.0033,0.9996,0,-0.9995,-0.0139,0.028,0,0.0138,-0.9999,-0.0037,0,-2.2798,4.1291,-0.0104,1]},
{"frame":142,"values":[0.0281,-0.0033,0.9996,0,-0.9995,-0.0139,0.028,0,0.0138,-0.9999,-0.0037,0,-2.2798,4.1291,-0.0104,1]}],"loopBehavior":1,"name":"anim","property":"_matrix"}},
{"name":"mixamorig:RightArm","index":16,"matrix":[0.1506,-0.0991,0.9836,0,0.9581,0.2598,-0.1205,0,-0.2436,0.9606,0.1341,0,0,4.7653,0,1],"rest":[0.9505,0,0.3107,0,-0.2652,0.5208,0.8114,0,-0.1618,-0.8537,0.4951,0,0,4.7653,0,1],"parentBoneIndex":15,"length":28.4673
,"animation":{"dataType":3,"framePerSecond":30,"keys":[
{"frame":68,"values":[0.1506,-0.0991,0.9836,0,0.9581,0.2598,-0.1205,0,-0.2436,0.9606,0.1341,0,0,4.7653,0,1]},
{"frame":69,"values":[0.1506,-0.0991,0.9836,0,0.9581,0.2598,-0.1205,0,-0.2436,0.9606,0.1341,0,0,4.7653,0,1]},
{"frame":81,"values":[0.9719,0.03,0.2336,0,-0.0285,0.9995,-0.0098,0,-0.2338,0.0029,0.9723,0,0,4.7653,0,1]},
{"frame":82,"values":[0.9499,-0.0376,0.3104,0,0.0649,0.9948,-0.078,0,-0.3058,0.0942,0.9474,0,0,4.7653,0,1]},
{"frame":83,"values":[0.9138,-0.1003,0.3936,0,0.1677,0.9757,-0.1407,0,-0.37,0.1946,0.9084,0,0,4.7653,0,1]},
{"frame":84,"values":[0.8629,-0.1547,0.4811,0,0.2773,0.9408,-0.1948,0,-0.4225,0.3015,0.8547,0,0,4.7653,0,1]},
{"frame":85,"values":[0.7974,-0.198,0.5701,0,0.3904,0.8896,-0.2371,0,-0.4602,0.4116,0.7866,0,0,4.7653,0,1]},
{"frame":86,"values":[0.7187,-0.2275,0.657,0,0.5027,0.8228,-0.2651,0,-0.4803,0.5208,0.7057,0,0,4.7653,0,1]},
{"frame":87,"values":[0.6295,-0.2415,0.7385,0,0.61,0.7424,-0.2771,0,-0.4814,0.6249,0.6146,0,0,4.7653,0,1]},
{"frame":88,"values":[0.533,-0.2395,0.8115,0,0.7079,0.6515,-0.2727,0,-0.4634,0.7198,0.5169,0,0,4.7653,0,1]},
{"frame":89,"values":[0.4334,-0.2222,0.8734,0,0.7933,0.554,-0.2527,0,-0.4277,0.8023,0.4164,0,0,4.7653,0,1]},
{"frame":90,"values":[0.3343,-0.1914,0.9228,0,0.8638,0.4538,-0.2188,0,-0.3769,0.8703,0.317,0,0,4.7653,0,1]},
{"frame":91,"values":[0.2391,-0.1494,0.9594,0,0.9187,0.3547,-0.1738,0,-0.3143,0.923,0.222,0,0,4.7653,0,1]},
{"frame":92,"values":[0.1506,-0.0991,0.9836,0,0.9581,0.2598,-0.1205,0,-0.2436,0.9606,0.1341,0,0,4.7653,0,1]},
{"frame":123,"values":[0.1506,-0.0991,0.9836,0,0.9581,0.2598,-0.1205,0,-0.2436,0.9606,0.1341,0,0,4.7653,0,1]},
{"frame":130,"values":[0.1506,-0.0991,0.9836,0,0.9581,0.2598,-0.1205,0,-0.2436,0.9606,0.1341,0,0,4.7653,0,1]},
{"frame":131,"values":[0.1506,-0.0991,0.9836,0,0.9581,0.2598,-0.1205,0,-0.2436,0.9606,0.1341,0,0,4.7653,0,1]},
{"frame":141,"values":[0.1506,-0.0991,0.9836,0,0.9581,0.2598,-0.1205,0,-0.2436,0.9606,0.1341,0,0,4.7653,0,1]},
{"frame":142,"values":[0.1506,-0.0991,0.9836,0,0.9581,0.2598,-0.1205,0,-0.2436,0.9606,0.1341,0,0,4.7653,0,1]}],"loopBehavior":1,"name":"anim","property":"_matrix"}},
{"name":"mixamorig:RightForeArm","index":17,"matrix":[-0.2685,-0.3822,0.8842,0,-0.7723,0.6341,0.0395,0,-0.5757,-0.6722,-0.4654,0,0,10.7424,0,1],"rest":[0.8157,-0.4279,0.3893,0,0.3861,0.9038,0.1843,0,-0.4307,0,0.9025,0,0,10.7424,0,1],"parentBoneIndex":16,"length":26.4137
,"animation":{"dataType":3,"framePerSecond":30,"keys":[
{"frame":68,"values":[-0.2685,-0.3822,0.8842,0,-0.7723,0.6341,0.0395,0,-0.5757,-0.6722,-0.4654,0,0,10.7424,0,1]},
{"frame":69,"values":[-0.2685,-0.3822,0.8842,0,-0.7723,0.6341,0.0395,0,-0.5757,-0.6722,-0.4654,0,0,10.7424,0,1]},
{"frame":81,"values":[0.9025,0,0.4307,0,0,1,0,0,-0.4307,0,0.9025,0,0,10.7424,0,1]},
{"frame":82,"values":[0.8608,0.0136,0.5088,0,-0.0405,0.9983,0.042,0,-0.5074,-0.0568,0.8599,0,0,10.7424,0,1]},
{"frame":83,"values":[0.8095,0.0223,0.5867,0,-0.0866,0.9929,0.0817,0,-0.5807,-0.1169,0.8057,0,0,10.7424,0,1]},
{"frame":84,"values":[0.7486,0.0254,0.6626,0,-0.1378,0.9834,0.118,0,-0.6486,-0.1796,0.7396,0,0,10.7424,0,1]},
{"frame":85,"values":[0.6782,0.022,0.7345,0,-0.1935,0.9696,0.1497,0,-0.7089,-0.2437,0.6619,0,0,10.7424,0,1]},
{"frame":86,"values":[0.5993,0.0118,0.8005,0,-0.2531,0.9514,0.1755,0,-0.7595,-0.3077,0.5731,0,0,10.7424,0,1]},
{"frame":87,"values":[0.5129,-0.0057,0.8584,0,-0.3151,0.9289,0.1944,0,-0.7985,-0.3703,0.4747,0,0,10.7424,0,1]},
{"frame":88,"values":[0.421,-0.0302,0.9066,0,-0.3784,0.9025,0.2058,0,-0.8244,-0.4297,0.3685,0,0,10.7424,0,1]},
{"frame":89,"values":[0.3254,-0.0614,0.9436,0,-0.4415,0.8726,0.209,0,-0.8362,-0.4846,0.2569,0,0,10.7424,0,1]},
{"frame":90,"values":[0.2286,-0.0985,0.9685,0,-0.5027,0.84,0.204,0,-0.8337,-0.5335,0.1425,0,0,10.7424,0,1]},
{"frame":91,"values":[0.1327,-0.1405,0.9811,0,-0.5607,0.8056,0.1912,0,-0.8173,-0.5755,0.0281,0,0,10.7424,0,1]},
{"frame":92,"values":[0.04,-0.1863,0.9817,0,-0.6144,0.7702,0.1712,0,-0.788,-0.61,-0.0836,0,0,10.7424,0,1]},
{"frame":93,"values":[-0.0477,-0.2345,0.9709,0,-0.6629,0.7346,0.1449,0,-0.7472,-0.6367,-0.1905,0,0,10.7424,0,1]},
{"frame":94,"values":[-0.129,-0.284,0.9501,0,-0.7055,0.6996,0.1134,0,-0.6969,-0.6556,-0.2906,0,0,10.7424,0,1]},
{"frame":95,"values":[-0.2028,-0.3335,0.9207,0,-0.7419,0.666,0.0779,0,-0.6391,-0.6673,-0.3825,0,0,10.7424,0,1]},
{"frame":96,"values":[-0.2685,-0.3822,0.8842,0,-0.7723,0.6341,0.0395,0,-0.5757,-0.6722,-0.4654,0,0,10.7424,0,1]},
{"frame":123,"values":[-0.2685,-0.3822,0.8842,0,-0.7723,0.6341,0.0395,0,-0.5757,-0.6722,-0.4654,0,0,10.7424,0,1]},
{"frame":130,"values":[-0.2685,-0.3822,0.8842,0,-0.7723,0.6341,0.0395,0,-0.5757,-0.6722,-0.4654,0,0,10.7424,0,1]},
{"frame":131,"values":[-0.2685,-0.3822,0.8842,0,-0.7723,0.6341,0.0395,0,-0.5757,-0.6722,-0.4654,0,0,10.7424,0,1]},
{"frame":141,"values":[-0.2685,-0.3822,0.8842,0,-0.7723,0.6341,0.0395,0,-0.5757,-0.6722,-0.4654,0,0,10.7424,0,1]},
{"frame":142,"values":[-0.2685,-0.3822,0.8842,0,-0.7723,0.6341,0.0395,0,-0.5757,-0.6722,-0.4654,0,0,10.7424,0,1]}],"loopBehavior":1,"name":"anim","property":"_matrix"}},
{"name":"mixamorig:RightHand","index":18,"matrix":[1,0,-0.0003,0,0,1,0,0,0.0003,0,1,0,0,9.9674,0,1],"rest":[0.999,0.0438,0,0,-0.0437,0.9989,0.016,0,0.0007,-0.016,0.9999,0,0,9.9674,0,1],"parentBoneIndex":17,"length":9.45
,"animation":{"dataType":3,"framePerSecond":30,"keys":[
{"frame":68,"values":[1,0,-0.0003,0,0,1,0,0,0.0003,0,1,0,0,9.9674,0,1]},
{"frame":69,"values":[1,0,-0.0003,0,0,1,0,0,0.0003,0,1,0,0,9.9674,0,1]},
{"frame":81,"values":[1,0,-0.0003,0,0,1,0,0,0.0003,0,1,0,0,9.9674,0,1]},
{"frame":123,"values":[1,0,-0.0003,0,0,1,0,0,0.0003,0,1,0,0,9.9674,0,1]},
{"frame":130,"values":[1,0,-0.0003,0,0,1,0,0,0.0003,0,1,0,0,9.9674,0,1]},
{"frame":131,"values":[1,0,-0.0003,0,0,1,0,0,0.0003,0,1,0,0,9.9674,0,1]},
{"frame":141,"values":[1,0,-0.0003,0,0,1,0,0,0.0003,0,1,0,0,9.9674,0,1]},
{"frame":142,"values":[1,0,-0.0003,0,0,1,0,0,0.0003,0,1,0,0,9.9674,0,1]}],"loopBehavior":1,"name":"anim","property":"_matrix"}},
{"name":"mixamorig:RightHandIndex1","index":19,"matrix":[1,0,0.0031,0,0,1,0,0,-0.0031,0,1,0,0,3.566,0,1],"rest":[0.9969,0.0782,0,0,-0.0779,0.9939,-0.0779,0,-0.0061,0.0777,0.997,0,0,3.566,0,1],"parentBoneIndex":18,"length":2.3309
,"animation":{"dataType":3,"framePerSecond":30,"keys":[
{"frame":68,"values":[1,0,0.0031,0,0,1,0,0,-0.0031,0,1,0,0,3.566,0,1]},
{"frame":69,"values":[1,0,0.0031,0,0,1,0,0,-0.0031,0,1,0,0,3.566,0,1]},
{"frame":81,"values":[1,0,0.0031,0,0,1,0,0,-0.0031,0,1,0,0,3.566,0,1]},
{"frame":123,"values":[1,0,0.0031,0,0,1,0,0,-0.0031,0,1,0,0,3.566,0,1]},
{"frame":130,"values":[1,0,0.0031,0,0,1,0,0,-0.0031,0,1,0,0,3.566,0,1]},
{"frame":131,"values":[1,0,0.0031,0,0,1,0,0,-0.0031,0,1,0,0,3.566,0,1]},
{"frame":141,"values":[1,0,0.0031,0,0,1,0,0,-0.0031,0,1,0,0,3.566,0,1]},
{"frame":142,"values":[1,0,0.0031,0,0,1,0,0,-0.0031,0,1,0,0,3.566,0,1]}],"loopBehavior":1,"name":"anim","property":"_matrix"}},
{"name":"mixamorig:RightHandIndex2","index":20,"matrix":[0.9986,0.0527,-0.0031,0,-0.0527,0.9917,-0.1174,0,-0.0031,0.1174,0.9931,0,0,0.8796,0,1],"rest":[1,0,0,0,0,1,0,0,0,0,1,0,0,0.8796,0,1],"parentBoneIndex":19,"length":3.6415
,"animation":{"dataType":3,"framePerSecond":30,"keys":[
{"frame":68,"values":[0.9986,0.0527,-0.0031,0,-0.0527,0.9917,-0.1174,0,-0.0031,0.1174,0.9931,0,0,0.8796,0,1]},
{"frame":69,"values":[0.9986,0.0527,-0.0031,0,-0.0527,0.9917,-0.1174,0,-0.0031,0.1174,0.9931,0,0,0.8796,0,1]},
{"frame":81,"values":[0.9986,0.0527,-0.0031,0,-0.0527,0.9917,-0.1174,0,-0.0031,0.1174,0.9931,0,0,0.8796,0,1]},
{"frame":123,"values":[0.9986,0.0527,-0.0031,0,-0.0527,0.9917,-0.1174,0,-0.0031,0.1174,0.9931,0,0,0.8796,0,1]},
{"frame":130,"values":[0.9986,0.0527,-0.0031,0,-0.0527,0.9917,-0.1174,0,-0.0031,0.1174,0.9931,0,0,0.8796,0,1]},
{"frame":131,"values":[0.9986,0.0527,-0.0031,0,-0.0527,0.9917,-0.1174,0,-0.0031,0.1174,0.9931,0,0,0.8796,0,1]},
{"frame":141,"values":[0.9986,0.0527,-0.0031,0,-0.0527,0.9917,-0.1174,0,-0.0031,0.1174,0.9931,0,0,0.8796,0,1]},
{"frame":142,"values":[0.9986,0.0527,-0.0031,0,-0.0527,0.9917,-0.1174,0,-0.0031,0.1174,0.9931,0,0,0.8796,0,1]}],"loopBehavior":1,"name":"anim","property":"_matrix"}},
{"name":"mixamorig:RightHandIndex3","index":21,"matrix":[0.9951,0.0984,0.0025,0,-0.0977,0.9912,-0.0896,0,-0.0113,0.0889,0.996,0,0.0724,1.3627,0.1613,1],"rest":[1,0,0,0,0,1,0,0,0,0,1,0,0.0724,1.3627,0.1613,1],"parentBoneIndex":20,"length":3.4479
,"animation":{"dataType":3,"framePerSecond":30,"keys":[
{"frame":68,"values":[0.9951,0.0984,0.0025,0,-0.0977,0.9912,-0.0896,0,-0.0113,0.0889,0.996,0,0.0724,1.3627,0.1613,1]},
{"frame":69,"values":[0.9951,0.0984,0.0025,0,-0.0977,0.9912,-0.0896,0,-0.0113,0.0889,0.996,0,0.0724,1.3627,0.1613,1]},
{"frame":81,"values":[0.9951,0.0984,0.0025,0,-0.0977,0.9912,-0.0896,0,-0.0113,0.0889,0.996,0,0.0724,1.3627,0.1613,1]},
{"frame":123,"values":[0.9951,0.0984,0.0025,0,-0.0977,0.9912,-0.0896,0,-0.0113,0.0889,0.996,0,0.0724,1.3627,0.1613,1]},
{"frame":130,"values":[0.9951,0.0984,0.0025,0,-0.0977,0.9912,-0.0896,0,-0.0113,0.0889,0.996,0,0.0724,1.3627,0.1613,1]},
{"frame":131,"values":[0.9951,0.0984,0.0025,0,-0.0977,0.9912,-0.0896,0,-0.0113,0.0889,0.996,0,0.0724,1.3627,0.1613,1]},
{"frame":141,"values":[0.9951,0.0984,0.0025,0,-0.0977,0.9912,-0.0896,0,-0.0113,0.0889,0.996,0,0.0724,1.3627,0.1613,1]},
{"frame":142,"values":[0.9951,0.0984,0.0025,0,-0.0977,0.9912,-0.0896,0,-0.0113,0.0889,0.996,0,0.0724,1.3627,0.1613,1]}],"loopBehavior":1,"name":"anim","property":"_matrix"}},
{"name":"mixamorig:RightHandIndex4","index":22,"matrix":[1,0,0,0,0,1,0,0,0,0,1,0,0.1955,1.2585,0.2661,1],"rest":[1,0,0,0,0,1,0,0,0,0,1,0,0.1955,1.2585,0.2661,1],"parentBoneIndex":21,"length":3.4479
,"animation":{"dataType":3,"framePerSecond":30,"keys":[
{"frame":68,"values":[1,0,0,0,0,1,0,0,0,0,1,0,0.1955,1.2585,0.2661,1]},
{"frame":69,"values":[1,0,0,0,0,1,0,0,0,0,1,0,0.1955,1.2585,0.2661,1]},
{"frame":81,"values":[1,0,0,0,0,1,0,0,0,0,1,0,0.1955,1.2585,0.2661,1]},
{"frame":123,"values":[1,0,0,0,0,1,0,0,0,0,1,0,0.1955,1.2585,0.2661,1]},
{"frame":130,"values":[1,0,0,0,0,1,0,0,0,0,1,0,0.1955,1.2585,0.2661,1]},
{"frame":131,"values":[1,0,0,0,0,1,0,0,0,0,1,0,0.1955,1.2585,0.2661,1]},
{"frame":141,"values":[1,0,0,0,0,1,0,0,0,0,1,0,0.1955,1.2585,0.2661,1]},
{"frame":142,"values":[1,0,0,0,0,1,0,0,0,0,1,0,0.1955,1.2585,0.2661,1]}],"loopBehavior":1,"name":"anim","property":"_matrix"}},
{"name":"mixamorig:LeftUpLeg","index":23,"matrix":[-0.999,0.045,-0.0024,0,-0.045,-0.9981,0.0432,0,-0.0005,0.0432,0.9991,0,4.516,-1.7736,-0.6064,1],"rest":[-0.9971,0.0755,0.0022,0,-0.0755,-0.9967,-0.0294,0,0,-0.0295,0.9996,0,4.516,-1.7736,-0.6064,1],"parentBoneIndex":0,"length":49.3649
,"animation":{"dataType":3,"framePerSecond":30,"keys":[
{"frame":68,"values":[-0.999,0.045,-0.0024,0,-0.045,-0.9981,0.0432,0,-0.0005,0.0432,0.9991,0,4.516,-1.7736,-0.6064,1]},
{"frame":69,"values":[-0.999,0.045,-0.0024,0,-0.045,-0.9981,0.0432,0,-0.0005,0.0432,0.9991,0,4.516,-1.7736,-0.6064,1]},
{"frame":81,"values":[-0.999,0.045,-0.0024,0,-0.045,-0.9981,0.0432,0,-0.0005,0.0432,0.9991,0,4.516,-1.7736,-0.6064,1]},
{"frame":123,"values":[-0.999,0.045,-0.0024,0,-0.045,-0.9981,0.0432,0,-0.0005,0.0432,0.9991,0,4.516,-1.7736,-0.6064,1]},
{"frame":130,"values":[-0.999,0.045,-0.0024,0,-0.045,-0.9981,0.0432,0,-0.0005,0.0432,0.9991,0,4.516,-1.7736,-0.6064,1]},
{"frame":131,"values":[-0.999,0.045,-0.0024,0,-0.045,-0.9981,0.0432,0,-0.0005,0.0432,0.9991,0,4.516,-1.7736,-0.6064,1]},
{"frame":141,"values":[-0.999,0.045,-0.0024,0,-0.045,-0.9981,0.0432,0,-0.0005,0.0432,0.9991,0,4.516,-1.7736,-0.6064,1]},
{"frame":142,"values":[-0.999,0.045,-0.0024,0,-0.045,-0.9981,0.0432,0,-0.0005,0.0432,0.9991,0,4.516,-1.7736,-0.6064,1]}],"loopBehavior":1,"name":"anim","property":"_matrix"}},
{"name":"mixamorig:LeftLeg","index":24,"matrix":[-0.6903,-0.7229,0.0299,0,-0.1381,0.1722,0.9753,0,-0.7102,0.6692,-0.2187,0,0,18.6282,0,1],"rest":[0.9958,0.0919,0,0,-0.0914,0.9905,-0.1031,0,-0.0095,0.1027,0.9947,0,0,18.6282,0,1],"parentBoneIndex":23,"length":48.5505
,"animation":{"dataType":3,"framePerSecond":30,"keys":[
{"frame":68,"values":[-0.6903,-0.7229,0.0299,0,-0.1381,0.1722,0.9753,0,-0.7102,0.6692,-0.2187,0,0,18.6282,0,1]},
{"frame":69,"values":[-0.6903,-0.7229,0.0299,0,-0.1381,0.1722,0.9753,0,-0.7102,0.6692,-0.2187,0,0,18.6282,0,1]},
{"frame":81,"values":[0.9958,0.0914,-0.0049,0,-0.0914,0.9906,-0.1013,0,-0.0044,0.1013,0.9948,0,0,18.6282,0,1]},
{"frame":82,"values":[0.9548,-0.1294,0.2675,0,0.1248,0.9916,0.034,0,-0.2697,0.0009,0.9629,0,0,18.6282,0,1]},
{"frame":83,"values":[0.7444,-0.4162,0.5222,0,0.3193,0.9087,0.2691,0,-0.5865,-0.0336,0.8093,0,0,18.6282,0,1]},
{"frame":84,"values":[0.3455,-0.6883,0.6379,0,0.3942,0.7233,0.5669,0,-0.8516,0.0555,0.5213,0,0,18.6282,0,1]},
{"frame":85,"values":[-0.1191,-0.8332,0.54,0,0.2953,0.4895,0.8204,0,-0.9479,0.2572,0.1878,0,0,18.6282,0,1]},
{"frame":86,"values":[-0.4829,-0.8237,0.2972,0,0.0849,0.2937,0.9521,0,-0.8715,0.4851,-0.0719,0,0,18.6282,0,1]},
{"frame":87,"values":[-0.6903,-0.7229,0.0299,0,-0.1381,0.1722,0.9753,0,-0.7102,0.6692,-0.2187,0,0,18.6282,0,1]},
{"frame":123,"values":[-0.6903,-0.7229,0.0299,0,-0.1381,0.1722,0.9753,0,-0.7102,0.6692,-0.2187,0,0,18.6282,0,1]},
{"frame":130,"values":[-0.6903,-0.7229,0.0299,0,-0.1381,0.1722,0.9753,0,-0.7102,0.6692,-0.2187,0,0,18.6282,0,1]},
{"frame":131,"values":[-0.6903,-0.7229,0.0299,0,-0.1381,0.1722,0.9753,0,-0.7102,0.6692,-0.2187,0,0,18.6282,0,1]},
{"frame":141,"values":[-0.6903,-0.7229,0.0299,0,-0.1381,0.1722,0.9753,0,-0.7102,0.6692,-0.2187,0,0,18.6282,0,1]},
{"frame":142,"values":[-0.6903,-0.7229,0.0299,0,-0.1381,0.1722,0.9753,0,-0.7102,0.6692,-0.2187,0,0,18.6282,0,1]}],"loopBehavior":1,"name":"anim","property":"_matrix"}},
{"name":"mixamorig:LeftFoot","index":25,"matrix":[0.8345,0.016,0.5508,0,-0.5498,0.0925,0.8302,0,-0.0377,-0.9956,0.086,0,0,18.3209,0,1],"rest":[0.8342,0,0.5514,0,-0.5514,0.014,0.8341,0,-0.0077,-0.9999,0.0117,0,0,18.3209,0,1],"parentBoneIndex":24,"length":1.8841
,"animation":{"dataType":3,"framePerSecond":30,"keys":[
{"frame":68,"values":[0.8345,0.016,0.5508,0,-0.5498,0.0925,0.8302,0,-0.0377,-0.9956,0.086,0,0,18.3209,0,1]},
{"frame":69,"values":[0.8345,0.016,0.5508,0,-0.5498,0.0925,0.8302,0,-0.0377,-0.9956,0.086,0,0,18.3209,0,1]},
{"frame":81,"values":[0.8345,0.016,0.5508,0,-0.5498,0.0925,0.8302,0,-0.0377,-0.9956,0.086,0,0,18.3209,0,1]},
{"frame":123,"values":[0.8345,0.016,0.5508,0,-0.5498,0.0925,0.8302,0,-0.0377,-0.9956,0.086,0,0,18.3209,0,1]},
{"frame":130,"values":[0.8345,0.016,0.5508,0,-0.5498,0.0925,0.8302,0,-0.0377,-0.9956,0.086,0,0,18.3209,0,1]},
{"frame":131,"values":[0.8345,0.016,0.5508,0,-0.5498,0.0925,0.8302,0,-0.0377,-0.9956,0.086,0,0,18.3209,0,1]},
{"frame":141,"values":[0.8345,0.016,0.5508,0,-0.5498,0.0925,0.8302,0,-0.0377,-0.9956,0.086,0,0,18.3209,0,1]},
{"frame":142,"values":[0.8345,0.016,0.5508,0,-0.5498,0.0925,0.8302,0,-0.0377,-0.9956,0.086,0,0,18.3209,0,1]}],"loopBehavior":1,"name":"anim","property":"_matrix"}},
{"name":"mixamorig:LeftToeBase","index":26,"matrix":[0.5327,0,-0.8463,0,0.4644,0.836,0.2923,0,0.7075,-0.5487,0.4453,0,0,0.711,0,1],"rest":[0.5327,0,-0.8463,0,0.4644,0.836,0.2923,0,0.7075,-0.5487,0.4453,0,0,0.711,0,1],"parentBoneIndex":25,"length":1.8762
,"animation":{"dataType":3,"framePerSecond":30,"keys":[
{"frame":68,"values":[0.5327,0,-0.8463,0,0.4644,0.836,0.2923,0,0.7075,-0.5487,0.4453,0,0,0.711,0,1]},
{"frame":69,"values":[0.5327,0,-0.8463,0,0.4644,0.836,0.2923,0,0.7075,-0.5487,0.4453,0,0,0.711,0,1]},
{"frame":81,"values":[0.5327,0,-0.8463,0,0.4644,0.836,0.2923,0,0.7075,-0.5487,0.4453,0,0,0.711,0,1]},
{"frame":123,"values":[0.5327,0,-0.8463,0,0.4644,0.836,0.2923,0,0.7075,-0.5487,0.4453,0,0,0.711,0,1]},
{"frame":130,"values":[0.5327,0,-0.8463,0,0.4644,0.836,0.2923,0,0.7075,-0.5487,0.4453,0,0,0.711,0,1]},
{"frame":131,"values":[0.5327,0,-0.8463,0,0.4644,0.836,0.2923,0,0.7075,-0.5487,0.4453,0,0,0.711,0,1]},
{"frame":141,"values":[0.5327,0,-0.8463,0,0.4644,0.836,0.2923,0,0.7075,-0.5487,0.4453,0,0,0.711,0,1]},
{"frame":142,"values":[0.5327,0,-0.8463,0,0.4644,0.836,0.2923,0,0.7075,-0.5487,0.4453,0,0,0.711,0,1]}],"loopBehavior":1,"name":"anim","property":"_matrix"}},
