{"producer":{"name":"Blender","version":"2.79 (sub 0)","exporter_version":"5.6.4","file":"spider.babylon"},
"autoClear":true,"clearColor":[0.0509,0.0509,0.0509],"ambientColor":[0,0,0],"gravity":[0,-9.81,0],
"materials":[{"name":"spider.Box.001","id":"spider.Box.001","ambient":[0.8,0.8,0.8],"diffuse":[0.64,0.64,0.64],"specular":[0,0,0],"emissive":[0,0,0],"specularPower":50,"alpha":0.1847,"backFaceCulling":true,"checkReadyOnlyOnce":false,"maxSimultaneousLights":4},
{"name":"spider.Spider.001","id":"spider.Spider.001","ambient":[1,1,1],"diffuse":[0.8,0.8,0.8],"specular":[0.4,0.4,0.4],"emissive":[0,0,0],"specularPower":20,"alpha":1,"backFaceCulling":true,"checkReadyOnlyOnce":false,"maxSimultaneousLights":4, 
"diffuseTexture":{"name":"Spinnen_Bein_tex_COLOR_","level":1,"hasAlpha":1,"coordinatesMode":0,"uOffset":0,"vOffset":0,"uScale":1,"vScale":1,"uAng":0,"vAng":0,"wAng":0,"wrapU":1,"wrapV":1,"coordinatesIndex":0}, 
"bumpTexture":{"name":"haar_detail_NRM.jpg","level":0.35,"hasAlpha":1,"coordinatesMode":0,"uOffset":0,"vOffset":0,"uScale":1,"vScale":1,"uAng":0,"vAng":0,"wAng":0,"wrapU":1,"wrapV":1,"coordinatesIndex":0}, 
"specularTexture":{"name":"Spinnen_Bein_tex_2.jpg","level":1,"hasAlpha":1,"coordinatesMode":0,"uOffset":0,"vOffset":0,"uScale":1,"vScale":1,"uAng":0,"vAng":0,"wAng":0,"wrapU":1,"wrapV":1,"coordinatesIndex":0}},
{"name":"spider.Spider_Fur.001","id":"spider.Spider_Fur.001","ambient":[1,1,1],"diffuse":[0.8,0.8,0.8],"specular":[0,0,0],"emissive":[0,0,0],"specularPower":1,"alpha":1,"backFaceCulling":true,"checkReadyOnlyOnce":false,"maxSimultaneousLights":4, 
"diffuseTexture":{"name":"SH3.png","level":1,"hasAlpha":1,"coordinatesMode":0,"uOffset":0,"vOffset":0,"uScale":1,"vScale":1,"uAng":0,"vAng":0,"wAng":0,"wrapU":1,"wrapV":1,"coordinatesIndex":0}},
{"name":"spider.Spider_teeth.001","id":"spider.Spider_teeth.001","ambient":[0.4132,0.3113,0.2218],"diffuse":[0.3306,0.249,0.1774],"specular":[0,0,0],"emissive":[0,0,0],"specularPower":1,"alpha":1,"backFaceCulling":true,"checkReadyOnlyOnce":false,"maxSimultaneousLights":4, 
"bumpTexture":{"name":"haar_detail_NRM.jpg","level":0.35,"hasAlpha":1,"coordinatesMode":0,"uOffset":0,"vOffset":0,"uScale":1,"vScale":1,"uAng":0,"vAng":0,"wAng":0,"wrapU":1,"wrapV":1,"coordinatesIndex":0}},
{"name":"spider.Spider_Eye.001","id":"spider.Spider_Eye.001","ambient":[0,0,0],"diffuse":[0,0,0],"specular":[0.5,0.5,0.5],"emissive":[0,0,0],"specularPower":49,"alpha":1,"backFaceCulling":true,"checkReadyOnlyOnce":false,"maxSimultaneousLights":4, 
"bumpTexture":{"name":"haar_detail_NRM.jpg","level":0.35,"hasAlpha":1,"coordinatesMode":0,"uOffset":0,"vOffset":0,"uScale":1,"vScale":1,"uAng":0,"vAng":0,"wAng":0,"wrapU":1,"wrapV":1,"coordinatesIndex":0}}],
"multiMaterials":[],
"skeletons":[{"name":"Spider_Armature","id":0,"dimensionsAtRest":[13.1609,5.5018,13.8034],"bones":[
{"name":"Body.003","index":0,"matrix":[-0.1,-0.1608,-0.0643,0,0,0.0743,-0.1857,0,-0.1732,0.0929,0.0372,0,0,0.4101,-0.0077,1],"rest":[-0.1,-0.1608,-0.0643,0,0,0.0743,-0.1857,0,-0.1732,0.0929,0.0372,0,0,0.4101,-0.0077,1],"parentBoneIndex":-1,"length":4.9837
,"animation":{"dataType":3,"framePerSecond":24,"keys":[
{"frame":1,"values":[-0.1,-0.1608,-0.0643,0,0,0.0743,-0.1857,0,-0.1732,0.0929,0.0372,0,0,0.4101,-0.0077,1]},
{"frame":28,"values":[-0.1,-0.1608,-0.0643,0,0,0.0743,-0.1857,0,-0.1732,0.0929,0.0372,0,0,0.4101,-0.0077,1]},
{"frame":41,"values":[-0.1,-0.1608,-0.0643,0,0,0.0743,-0.1857,0,-0.1732,0.0929,0.0372,0,0,0.4101,-0.0077,1]},
{"frame":68,"values":[-0.1,-0.1608,-0.0643,0,0,0.0743,-0.1857,0,-0.1732,0.0929,0.0372,0,0,0.4101,-0.0077,1]},
{"frame":81,"values":[-0.1,-0.1608,-0.0643,0,0,0.0743,-0.1857,0,-0.1732,0.0929,0.0372,0,0,0.4101,-0.0077,1]},
{"frame":114,"values":[-0.1,-0.1608,-0.0643,0,0,0.0743,-0.1857,0,-0.1732,0.0929,0.0372,0,0,0.4101,-0.0077,1]},
{"frame":121,"values":[-0.1,-0.1608,-0.0643,0,0,0.0743,-0.1857,0,-0.1732,0.0929,0.0372,0,0,0.4101,-0.0077,1]},
{"frame":154,"values":[-0.1,-0.1608,-0.0643,0,0,0.0743,-0.1857,0,-0.1732,0.0929,0.0372,0,0,0.4101,-0.0077,1]},
{"frame":161,"values":[-0.1,-0.1608,-0.0643,0,0,0.0743,-0.1857,0,-0.1732,0.0929,0.0372,0,0,0.4101,-0.0077,1]},
{"frame":162,"values":[-0.1,-0.1608,-0.0643,0,0,0.0743,-0.1857,0,-0.1732,0.0929,0.0371,0,0,0.4101,-0.0077,1]},
{"frame":163,"values":[-0.1,-0.1608,-0.0644,0,0.0001,0.0743,-0.1857,0,-0.1732,0.0929,0.0371,0,0,0.4101,-0.0077,1]},
{"frame":165,"values":[-0.1,-0.1607,-0.0644,0,0.0002,0.0743,-0.1857,0,-0.1732,0.0929,0.0371,0,0,0.4101,-0.0077,1]},
{"frame":166,"values":[-0.1,-0.1607,-0.0645,0,0.0002,0.0744,-0.1857,0,-0.1732,0.0929,0.037,0,0,0.4101,-0.0077,1]},
{"frame":168,"values":[-0.1,-0.1607,-0.0645,0,0.0003,0.0744,-0.1856,0,-0.1732,0.0929,0.037,0,0,0.3707,-0.0077,1]},
{"frame":169,"values":[-0.1,-0.1607,-0.0646,0,0.0003,0.0744,-0.1856,0,-0.1732,0.0929,0.037,0,0,0.2676,-0.0077,1]},
{"frame":170,"values":[-0.1,-0.1607,-0.0646,0,0.0003,0.0744,-0.1856,0,-0.1732,0.0929,0.0369,0,0,0.1646,-0.0077,1]},
{"frame":171,"values":[-0.1,-0.1607,-0.0646,0,0.0004,0.0744,-0.1856,0,-0.1732,0.0929,0.0369,0,0,0.1252,-0.0077,1]},
{"frame":172,"values":[-0.1,-0.1607,-0.0647,0,0.0004,0.0745,-0.1856,0,-0.1732,0.093,0.0369,0,0,0.1646,-0.0077,1]},
{"frame":173,"values":[-0.1,-0.1607,-0.0647,0,0.0005,0.0745,-0.1856,0,-0.1732,0.093,0.0369,0,0,0.2676,-0.0077,1]},
{"frame":174,"values":[-0.1,-0.1607,-0.0647,0,0.0005,0.0745,-0.1856,0,-0.1732,0.093,0.0368,0,0,0.3707,-0.0077,1]},
{"frame":175,"values":[-0.1,-0.1606,-0.0648,0,0.0005,0.0745,-0.1856,0,-0.1732,0.093,0.0368,0,0,0.4101,-0.0077,1]},
{"frame":176,"values":[-0.1,-0.1606,-0.0648,0,0.0006,0.0745,-0.1856,0,-0.1732,0.093,0.0368,0,0,0.4098,-0.0077,1]},
{"frame":177,"values":[-0.1,-0.1606,-0.0648,0,0.0006,0.0745,-0.1856,0,-0.1732,0.093,0.0368,0,0,0.4089,-0.0077,1]},
{"frame":178,"values":[-0.1,-0.1606,-0.0649,0,0.0007,0.0746,-0.1856,0,-0.1732,0.093,0.0367,0,0,0.4075,-0.0077,1]},
{"frame":179,"values":[-0.1,-0.1606,-0.0649,0,0.0007,0.0746,-0.1856,0,-0.1732,0.093,0.0367,0,0,0.4055,-0.0077,1]},
{"frame":180,"values":[-0.1,-0.1606,-0.0649,0,0.0007,0.0746,-0.1856,0,-0.1732,0.093,0.0367,0,0,0.4031,-0.0077,1]},
{"frame":181,"values":[-0.1,-0.1606,-0.065,0,0.0008,0.0746,-0.1856,0,-0.1732,0.093,0.0367,0,0,0.4002,-0.0077,1]},
{"frame":182,"values":[-0.1,-0.1606,-0.065,0,0.0006,0.0747,-0.1855,0,-0.1732,0.0929,0.0368,0,0,0.397,-0.0077,1]},
{"frame":183,"values":[-0.1,-0.1606,-0.065,0,0.0005,0.0748,-0.1855,0,-0.1732,0.0929,0.037,0,0,0.3933,-0.0077,1]},
{"frame":184,"values":[-0.1,-0.1605,-0.0651,0,0.0003,0.075,-0.1854,0,-0.1732,0.0927,0.0373,0,0,0.3893,-0.0077,1]},
{"frame":185,"values":[-0.1001,-0.1604,-0.0652,0,0,0.0753,-0.1853,0,-0.1732,0.0927,0.0377,0,0,0.385,-0.0077,1]},
{"frame":186,"values":[-0.1,-0.1603,-0.0655,0,0.0001,0.0756,-0.1851,0,-0.1732,0.0926,0.0378,0,0,0.3804,-0.0077,1]},
{"frame":187,"values":[-0.1,-0.1602,-0.0659,0,0.0001,0.076,-0.185,0,-0.1732,0.0925,0.0379,0,0,0.3755,-0.0077,1]},
{"frame":188,"values":[-0.1001,-0.16,-0.0663,0,0,0.0766,-0.1848,0,-0.1732,0.0924,0.0383,0,0,0.3705,-0.0077,1]},
{"frame":189,"values":[-0.1,-0.1598,-0.0668,0,0.0001,0.0772,-0.1845,0,-0.1732,0.0923,0.0385,0,0,0.3654,-0.0077,1]},
{"frame":190,"values":[-0.1,-0.1595,-0.0674,0,0,0.0779,-0.1842,0,-0.1732,0.0921,0.039,0,0,0.3601,-0.0077,1]},
{"frame":191,"values":[-0.1,-0.1592,-0.0682,0,0,0.0787,-0.1838,0,-0.1732,0.092,0.0394,0,0,0.3548,-0.0077,1]},
{"frame":192,"values":[-0.1,-0.1588,-0.069,0,0,0.0797,-0.1834,0,-0.1732,0.0918,0.0399,0,0,0.3496,-0.0077,1]},
{"frame":193,"values":[-0.1,-0.1584,-0.07,0,0,0.0809,-0.1829,0,-0.1732,0.0915,0.0405,0,0,0.3444,-0.0077,1]},
{"frame":194,"values":[-0.1,-0.1579,-0.0712,0,0,0.0822,-0.1823,0,-0.1732,0.0912,0.0411,0,0,0.3395,-0.0077,1]},
{"frame":195,"values":[-0.1,-0.1573,-0.0725,0,0,0.0838,-0.1816,0,-0.1732,0.0908,0.0419,0,0,0.3348,-0.0077,1]},
{"frame":196,"values":[-0.1,-0.1565,-0.0741,0,0,0.0855,-0.1808,0,-0.1732,0.0904,0.0428,0,0,0.3304,-0.0077,1]},
{"frame":197,"values":[-0.1,-0.1551,-0.077,0,0,0.089,-0.1791,0,-0.1732,0.0896,0.0445,0,0,0.3251,-0.0077,1]},
{"frame":198,"values":[-0.1,-0.1531,-0.081,0,0,0.0936,-0.1768,0,-0.1732,0.0884,0.0468,0,0,0.3194,-0.0077,1]},
{"frame":199,"values":[-0.1,-0.1522,-0.0827,0,0,0.0955,-0.1757,0,-0.1732,0.0879,0.0478,0,0,0.3172,-0.0077,1]},
{"frame":233,"values":[-0.1,-0.1522,-0.0827,0,0,0.0955,-0.1757,0,-0.1732,0.0879,0.0478,0,0,0.3172,-0.0077,1]},
{"frame":241,"values":[-0.1,-0.1608,-0.0643,0,0,0.0743,-0.1857,0,-0.1732,0.0929,0.0372,0,0,0.4101,-0.0077,1]},
{"frame":242,"values":[-0.1,-0.1608,-0.0643,0,0,0.0743,-0.1857,0,-0.1732,0.0929,0.0371,0,0,0.4101,-0.0077,1]},
{"frame":243,"values":[-0.1,-0.1608,-0.0644,0,0.0001,0.0743,-0.1857,0,-0.1732,0.0929,0.0371,0,0,0.4101,-0.0077,1]},
{"frame":245,"values":[-0.1,-0.1607,-0.0644,0,0.0002,0.0743,-0.1857,0,-0.1732,0.0929,0.0371,0,0,0.4101,-0.0077,1]},
{"frame":246,"values":[-0.1,-0.1607,-0.0645,0,0.0002,0.0744,-0.1857,0,-0.1732,0.0929,0.037,0,0,0.4101,-0.0077,1]},
{"frame":248,"values":[-0.1,-0.1607,-0.0645,0,0.0003,0.0744,-0.1856,0,-0.1732,0.0929,0.037,0,0,0.3707,-0.0077,1]},
{"frame":249,"values":[-0.1,-0.1607,-0.0646,0,0.0003,0.0744,-0.1856,0,-0.1732,0.0929,0.037,0,0,0.2676,-0.0077,1]},
{"frame":250,"values":[-0.1,-0.1607,-0.0646,0,0.0003,0.0744,-0.1856,0,-0.1732,0.0929,0.0369,0,0,0.1646,-0.0077,1]},
{"frame":251,"values":[-0.1,-0.1607,-0.0646,0,0.0004,0.0744,-0.1856,0,-0.1732,0.0929,0.0369,0,0,0.1252,-0.0077,1]},
{"frame":252,"values":[-0.1,-0.1607,-0.0647,0,0.0004,0.0745,-0.1856,0,-0.1732,0.093,0.0369,0,0,0.1646,-0.0077,1]},
{"frame":253,"values":[-0.1,-0.1607,-0.0647,0,0.0005,0.0745,-0.1856,0,-0.1732,0.093,0.0369,0,0,0.2676,-0.0077,1]},
{"frame":254,"values":[-0.1,-0.1607,-0.0647,0,0.0005,0.0745,-0.1856,0,-0.1732,0.093,0.0368,0,0,0.3707,-0.0077,1]},
{"frame":255,"values":[-0.1,-0.1606,-0.0648,0,0.0005,0.0745,-0.1856,0,-0.1732,0.093,0.0368,0,0,0.4101,-0.0077,1]},
{"frame":256,"values":[-0.1,-0.1606,-0.0648,0,0.0006,0.0745,-0.1856,0,-0.1732,0.093,0.0368,0,0,0.4098,-0.0077,1]},
{"frame":257,"values":[-0.1,-0.1606,-0.0648,0,0.0006,0.0745,-0.1856,0,-0.1732,0.093,0.0368,0,0,0.4089,-0.0077,1]},
{"frame":258,"values":[-0.1,-0.1606,-0.0649,0,0.0007,0.0746,-0.1856,0,-0.1732,0.093,0.0367,0,0,0.4075,-0.0077,1]},
{"frame":259,"values":[-0.1,-0.1606,-0.0649,0,0.0007,0.0746,-0.1856,0,-0.1732,0.093,0.0367,0,0,0.4055,-0.0077,1]},
{"frame":260,"values":[-0.1,-0.1606,-0.0649,0,0.0007,0.0746,-0.1856,0,-0.1732,0.093,0.0367,0,0,0.4031,-0.0077,1]},
{"frame":261,"values":[-0.1,-0.1606,-0.065,0,0.0008,0.0746,-0.1856,0,-0.1732,0.093,0.0367,0,0,0.4002,-0.0077,1]},
{"frame":262,"values":[-0.1,-0.1606,-0.065,0,0.0006,0.0747,-0.1855,0,-0.1732,0.0929,0.0368,0,0,0.397,-0.0077,1]},
{"frame":263,"values":[-0.1,-0.1606,-0.065,0,0.0005,0.0748,-0.1855,0,-0.1732,0.0929,0.037,0,0,0.3933,-0.0077,1]},
{"frame":264,"values":[-0.1,-0.1605,-0.0651,0,0.0003,0.075,-0.1854,0,-0.1732,0.0927,0.0373,0,0,0.3893,-0.0077,1]},
{"frame":265,"values":[-0.1001,-0.1604,-0.0652,0,0,0.0753,-0.1853,0,-0.1732,0.0927,0.0377,0,0,0.385,-0.0077,1]},
{"frame":266,"values":[-0.1,-0.1603,-0.0655,0,0.0001,0.0756,-0.1851,0,-0.1732,0.0926,0.0378,0,0,0.3804,-0.0077,1]},
{"frame":267,"values":[-0.1,-0.1602,-0.0659,0,0.0001,0.076,-0.185,0,-0.1732,0.0925,0.0379,0,0,0.3755,-0.0077,1]},
{"frame":268,"values":[-0.1001,-0.16,-0.0663,0,0,0.0766,-0.1848,0,-0.1732,0.0924,0.0383,0,0,0.3705,-0.0077,1]},
{"frame":269,"values":[-0.1,-0.1598,-0.0668,0,0.0001,0.0772,-0.1845,0,-0.1732,0.0923,0.0385,0,0,0.3654,-0.0077,1]},
{"frame":270,"values":[-0.1,-0.1595,-0.0674,0,0,0.0779,-0.1842,0,-0.1732,0.0921,0.039,0,0,0.3601,-0.0077,1]},
{"frame":271,"values":[-0.1,-0.1592,-0.0682,0,0,0.0787,-0.1838,0,-0.1732,0.092,0.0394,0,0,0.3548,-0.0077,1]},
{"frame":272,"values":[-0.1,-0.1588,-0.069,0,0,0.0797,-0.1834,0,-0.1732,0.0918,0.0399,0,0,0.3496,-0.0077,1]},
{"frame":273,"values":[-0.1,-0.1584,-0.07,0,0,0.0809,-0.1829,0,-0.1732,0.0915,0.0405,0,0,0.3444,-0.0077,1]},
{"frame":274,"values":[-0.1,-0.1579,-0.0712,0,0,0.0822,-0.1823,0,-0.1732,0.0912,0.0411,0,0,0.3395,-0.0077,1]},
{"frame":275,"values":[-0.1,-0.1573,-0.0725,0,0,0.0838,-0.1816,0,-0.1732,0.0908,0.0419,0,0,0.3348,-0.0077,1]},
{"frame":276,"values":[-0.1,-0.1565,-0.0741,0,0,0.0855,-0.1808,0,-0.1732,0.0904,0.0428,0,0,0.3304,-0.0077,1]},
{"frame":277,"values":[-0.1,-0.1551,-0.077,0,0,0.089,-0.1791,0,-0.1732,0.0896,0.0445,0,0,0.3251,-0.0077,1]},
{"frame":278,"values":[-0.1,-0.1531,-0.081,0,0,0.0936,-0.1768,0,-0.1732,0.0884,0.0468,0,0,0.3194,-0.0077,1]},
{"frame":279,"values":[-0.1,-0.1522,-0.0827,0,0,0.0955,-0.1757,0,-0.1732,0.0879,0.0478,0,0,0.3172,-0.0077,1]},
{"frame":313,"values":[-0.1,-0.1522,-0.0827,0,0,0.0955,-0.1757,0,-0.1732,0.0879,0.0478,0,0,0.3172,-0.0077,1]},
{"frame":321,"values":[-0.1,-0.1608,-0.0643,0,0,0.0743,-0.1857,0,-0.1732,0.0929,0.0372,0,0,0.4101,-0.0077,1]},
{"frame":340,"values":[-0.1,-0.1608,-0.0643,0,0,0.0743,-0.1857,0,-0.1732,0.0929,0.0372,0,0,0.4101,-0.0077,1]},
{"frame":351,"values":[-0.1,-0.1608,-0.0643,0,0,0.0743,-0.1857,0,-0.1732,0.0929,0.0372,0,0,0.4101,-0.0077,1]},
{"frame":370,"values":[-0.1,-0.1608,-0.0643,0,0,0.0743,-0.1857,0,-0.1732,0.0929,0.0372,0,0,0.4101,-0.0077,1]},
{"frame":381,"values":[-0.1,-0.1608,-0.0643,0,0,0.0743,-0.1857,0,-0.1732,0.0929,0.0372,0,0,0.4101,-0.0077,1]},
{"frame":410,"values":[-0.1,-0.1608,-0.0643,0,0,0.0743,-0.1857,0,-0.1732,0.0929,0.0372,0,0,0.4101,-0.0077,1]},
{"frame":421,"values":[-0.1,-0.1608,-0.0643,0,0,0.0743,-0.1857,0,-0.1732,0.0929,0.0372,0,0,0.4101,-0.0077,1]},
{"frame":450,"values":[-0.1,-0.1608,-0.0643,0,0,0.0743,-0.1857,0,-0.1732,0.0929,0.0372,0,0,0.4101,-0.0077,1]},
{"frame":461,"values":[-0.1,-0.1608,-0.0643,0,0,0.0743,-0.1857,0,-0.1732,0.0929,0.0372,0,0,0.4101,-0.0077,1]},
{"frame":462,"values":[-0.1,-0.1608,-0.0643,0,0,0.0743,-0.1857,0,-0.1732,0.0929,0.0372,0,0,0.4101,-0.0077,1]},
{"frame":471,"values":[-0.1,-0.1608,-0.0643,0,0,0.0743,-0.1857,0,-0.1732,0.0929,0.0372,0,0,0.4101,-0.0077,1]},
{"frame":472,"values":[-0.1,-0.1608,-0.0643,0,0,0.0743,-0.1857,0,-0.1732,0.0929,0.0372,0,0,0.4101,-0.0077,1]},
{"frame":481,"values":[-0.1,-0.1608,-0.0643,0,0,0.0743,-0.1857,0,-0.1732,0.0929,0.0372,0,0,0.4101,-0.0077,1]},
{"frame":496,"values":[-0.1,-0.1608,-0.0643,0,0,0.0743,-0.1857,0,-0.1732,0.0929,0.0372,0,0,0.4101,-0.0077,1]},
{"frame":511,"values":[-0.1,-0.1608,-0.0643,0,0,0.0743,-0.1857,0,-0.1732,0.0929,0.0372,0,0,0.4101,-0.0077,1]},
{"frame":526,"values":[-0.1,-0.1608,-0.0643,0,0,0.0743,-0.1857,0,-0.1732,0.0929,0.0372,0,0,0.4101,-0.0077,1]},
{"frame":541,"values":[-0.1,-0.1608,-0.0643,0,0,0.0743,-0.1857,0,-0.1732,0.0929,0.0372,0,0,0.4101,-0.0077,1]},
{"frame":556,"values":[-0.1,-0.1608,-0.0643,0,0,0.0743,-0.1857,0,-0.1732,0.0929,0.0372,0,0,0.4101,-0.0077,1]},
{"frame":571,"values":[-0.1,-0.1608,-0.0643,0,0,0.0743,-0.1857,0,-0.1732,0.0929,0.0372,0,0,0.4101,-0.0077,1]},
{"frame":586,"values":[-0.1,-0.1608,-0.0643,0,0,0.0743,-0.1857,0,-0.1732,0.0929,0.0372,0,0,0.4101,-0.0077,1]},
{"frame":601,"values":[-0.1,-0.1608,-0.0643,0,0,0.0743,-0.1857,0,-0.1732,0.0929,0.0372,0,0,0.4101,-0.0077,1]},
{"frame":616,"values":[-0.1,-0.1608,-0.0643,0,0,0.0743,-0.1857,0,-0.1732,0.0929,0.0372,0,0,0.4101,-0.0077,1]},
{"frame":631,"values":[-0.1,-0.1608,-0.0643,0,0,0.0743,-0.1857,0,-0.1732,0.0929,0.0372,0,0,0.4101,-0.0077,1]},
{"frame":646,"values":[-0.1,-0.1608,-0.0643,0,0,0.0743,-0.1857,0,-0.1732,0.0929,0.0372,0,0,0.4101,-0.0077,1]},
{"frame":661,"values":[-0.1,-0.1608,-0.0643,0,0,0.0743,-0.1857,0,-0.1732,0.0929,0.0372,0,0,0.4101,-0.0077,1]},
{"frame":676,"values":[-0.1,-0.1608,-0.0643,0,0,0.0743,-0.1857,0,-0.1732,0.0929,0.0372,0,0,0.4101,-0.0077,1]},
{"frame":691,"values":[-0.1,-0.1608,-0.0643,0,0,0.0743,-0.1857,0,-0.1732,0.0929,0.0372,0,0,0.4101,-0.0077,1]},
{"frame":706,"values":[-0.1,-0.1608,-0.0643,0,0,0.0743,-0.1857,0,-0.1732,0.0929,0.0372,0,0,0.4101,-0.0077,1]},
{"frame":721,"values":[-0.1,-0.1608,-0.0643,0,0,0.0743,-0.1857,0,-0.1732,0.0929,0.0372,0,0,0.4101,-0.0077,1]},
{"frame":751,"values":[-0.1,-0.1608,-0.0643,0,0,0.0743,-0.1857,0,-0.1732,0.0929,0.0372,0,0,0.4101,-0.0077,1]},
{"frame":761,"values":[-0.1,-0.1608,-0.0643,0,0,0.0743,-0.1857,0,-0.1732,0.0929,0.0372,0,0,0.4101,-0.0077,1]},
{"frame":791,"values":[-0.1,-0.1608,-0.0643,0,0,0.0743,-0.1857,0,-0.1732,0.0929,0.0372,0,0,0.4101,-0.0077,1]},
{"frame":801,"values":[-0.1,-0.1608,-0.0643,0,0,0.0743,-0.1857,0,-0.1732,0.0929,0.0372,0,0,0.4101,-0.0077,1]},
{"frame":831,"values":[-0.1,-0.1608,-0.0643,0,0,0.0743,-0.1857,0,-0.1732,0.0929,0.0372,0,0,0.4101,-0.0077,1]},
{"frame":841,"values":[-0.1,-0.1608,-0.0643,0,0,0.0743,-0.1857,0,-0.1732,0.0929,0.0372,0,0,0.4101,-0.0077,1]},
{"frame":871,"values":[-0.1,-0.1608,-0.0643,0,0,0.0743,-0.1857,0,-0.1732,0.0929,0.0372,0,0,0.4101,-0.0077,1]},
{"frame":881,"values":[-0.1,-0.1608,-0.0643,0,0,0.0743,-0.1857,0,-0.1732,0.0929,0.0372,0,0,0.4101,-0.0077,1]},
{"frame":911,"values":[-0.1,-0.1608,-0.0643,0,0,0.0743,-0.1857,0,-0.1732,0.0929,0.0372,0,0,0.4101,-0.0077,1]},
{"frame":921,"values":[-0.1,-0.1608,-0.0643,0,0,0.0743,-0.1857,0,-0.1732,0.0929,0.0372,0,0,0.4101,-0.0077,1]},
{"frame":951,"values":[-0.1,-0.1608,-0.0643,0,0,0.0743,-0.1857,0,-0.1732,0.0929,0.0372,0,0,0.4101,-0.0077,1]},
{"frame":961,"values":[-0.1,-0.1608,-0.0643,0,0,0.0743,-0.1857,0,-0.1732,0.0929,0.0372,0,0,0.4101,-0.0077,1]},
{"frame":991,"values":[-0.1,-0.1608,-0.0643,0,0,0.0743,-0.1857,0,-0.1732,0.0929,0.0372,0,0,0.4101,-0.0077,1]},
{"frame":1001,"values":[-0.1,-0.1608,-0.0643,0,0,0.0743,-0.1857,0,-0.1732,0.0929,0.0372,0,0,0.4101,-0.0077,1]},
{"frame":1031,"values":[-0.1,-0.1608,-0.0643,0,0,0.0743,-0.1857,0,-0.1732,0.0929,0.0372,0,0,0.4101,-0.0077,1]},
{"frame":1041,"values":[-0.1,-0.1608,-0.0643,0,0,0.0743,-0.1857,0,-0.1732,0.0929,0.0372,0,0,0.4101,-0.0077,1]},
{"frame":1131,"values":[-0.1,-0.1608,-0.0643,0,0,0.0743,-0.1857,0,-0.1732,0.0929,0.0372,0,0,0.4101,-0.0077,1]},
{"frame":1141,"values":[-0.1,-0.1608,-0.0643,0,0,0.0743,-0.1857,0,-0.1732,0.0929,0.0372,0,0,0.4101,-0.0077,1]},
{"frame":1231,"values":[-0.1,-0.1608,-0.0643,0,0,0.0743,-0.1857,0,-0.1732,0.0929,0.0372,0,0,0.4101,-0.0077,1]}],"loopBehavior":1,"name":"anim","property":"_matrix"}},
{"name":"Body.002","index":1,"matrix":[0.6183,-0.2041,-0.759,0,-0.1644,-0.9779,0.1291,0,-0.7686,0.0449,-0.6382,0,-1.0146,-0.2368,0.5861,1],"rest":[0.5815,-0.3485,-0.7351,0,-0.3216,-0.9285,0.1858,0,-0.7473,0.1284,-0.652,0,-0.8538,0.2275,0.4933,1],"parentBoneIndex":0,"length":1.2779
,"animation":{"dataType":3,"framePerSecond":24,"keys":[
{"frame":1,"values":[0.5815,-0.3485,-0.7351,0,-0.3216,-0.9285,0.1858,0,-0.7473,0.1284,-0.652,0,-0.8538,0.2275,0.4933,1]},
{"frame":2,"values":[0.5815,-0.3485,-0.7351,0,-0.3216,-0.9285,0.1858,0,-0.7473,0.1284,-0.652,0,-0.8602,0.2174,0.4948,1]},
{"frame":3,"values":[0.5815,-0.3485,-0.7351,0,-0.3216,-0.9285,0.1858,0,-0.7473,0.1284,-0.652,0,-0.9046,0.1466,0.5059,1]},
{"frame":4,"values":[0.5815,-0.3485,-0.7351,0,-0.3216,-0.9285,0.1858,0,-0.7473,0.1284,-0.652,0,-0.9961,0.0007,0.5286,1]},
{"frame":5,"values":[0.5815,-0.3485,-0.7351,0,-0.3216,-0.9285,0.1858,0,-0.7473,0.1284,-0.652,0,-1.1253,-0.2055,0.5608,1]},
{"frame":6,"values":[0.5815,-0.3485,-0.7351,0,-0.3216,-0.9285,0.1858,0,-0.7473,0.1284,-0.652,0,-1.2771,-0.4478,0.5986,1]},
{"frame":7,"values":[0.5815,-0.3485,-0.7351,0,-0.3216,-0.9285,0.1858,0,-0.7473,0.1284,-0.652,0,-1.442,-0.7111,0.6396,1]},
{"frame":8,"values":[0.5815,-0.3485,-0.7351,0,-0.3216,-0.9285,0.1858,0,-0.7473,0.1284,-0.652,0,-1.6135,-0.9848,0.6823,1]},
{"frame":9,"values":[0.5815,-0.3485,-0.7351,0,-0.3216,-0.9285,0.1858,0,-0.7473,0.1284,-0.652,0,-1.7867,-1.2615,0.7255,1]},
{"frame":10,"values":[0.5815,-0.3485,-0.7351,0,-0.3216,-0.9285,0.1858,0,-0.7473,0.1284,-0.652,0,-1.9581,-1.535,0.7682,1]},
{"frame":11,"values":[0.5815,-0.3485,-0.7351,0,-0.3216,-0.9285,0.1858,0,-0.7473,0.1284,-0.652,0,-2.1244,-1.8007,0.8096,1]},
{"frame":12,"values":[0.5815,-0.3485,-0.7351,0,-0.3216,-0.9285,0.1858,0,-0.7473,0.1284,-0.652,0,-2.2833,-2.0545,0.8492,1]},
{"frame":13,"values":[0.5815,-0.3485,-0.7351,0,-0.3216,-0.9285,0.1858,0,-0.7473,0.1284,-0.652,0,-2.4324,-2.2925,0.8864,1]},
{"frame":14,"values":[0.5815,-0.3485,-0.7351,0,-0.3216,-0.9285,0.1858,0,-0.7473,0.1284,-0.652,0,-2.5696,-2.5117,0.9206,1]},
{"frame":15,"values":[0.5815,-0.3485,-0.7351,0,-0.3216,-0.9285,0.1858,0,-0.7473,0.1284,-0.652,0,-2.693,-2.7087,0.9513,1]},
{"frame":16,"values":[0.5815,-0.3485,-0.7351,0,-0.3216,-0.9285,0.1858,0,-0.7473,0.1284,-0.652,0,-2.8006,-2.8807,0.9782,1]},
{"frame":17,"values":[0.5815,-0.3485,-0.7351,0,-0.3216,-0.9285,0.1858,0,-0.7473,0.1284,-0.652,0,-2.8907,-3.0246,1.0006,1]},
{"frame":18,"values":[0.5815,-0.3485,-0.7351,0,-0.3216,-0.9285,0.1858,0,-0.7473,0.1284,-0.652,0,-2.9613,-3.1374,1.0182,1]},
{"frame":19,"values":[0.5815,-0.3485,-0.7351,0,-0.3216,-0.9285,0.1858,0,-0.7473,0.1284,-0.652,0,-3.0105,-3.2159,1.0305,1]},
{"frame":20,"values":[0.5815,-0.3485,-0.7351,0,-0.3216,-0.9285,0.1858,0,-0.7473,0.1284,-0.652,0,-3.0361,-3.2568,1.0368,1]},
{"frame":21,"values":[0.5815,-0.3485,-0.7351,0,-0.3216,-0.9285,0.1858,0,-0.7473,0.1284,-0.652,0,-2.9883,-3.1804,1.0249,1]},
{"frame":22,"values":[0.5815,-0.3485,-0.7351,0,-0.3216,-0.9285,0.1858,0,-0.7473,0.1284,-0.652,0,-2.5851,-2.5367,0.9245,1]},
{"frame":23,"values":[0.5815,-0.3485,-0.7351,0,-0.3216,-0.9285,0.1858,0,-0.7473,0.1284,-0.652,0,-1.8978,-1.4394,0.7533,1]},
{"frame":24,"values":[0.5815,-0.3485,-0.7351,0,-0.3216,-0.9285,0.1858,0,-0.7473,0.1284,-0.652,0,-1.2336,-0.379,0.5879,1]},
{"frame":25,"values":[0.5815,-0.3485,-0.7351,0,-0.3216,-0.9285,0.1858,0,-0.7473,0.1284,-0.652,0,-0.8814,0.1835,0.5001,1]},
{"frame":26,"values":[0.5815,-0.3485,-0.7351,0,-0.3216,-0.9285,0.1858,0,-0.7473,0.1284,-0.652,0,-0.8538,0.2275,0.4933,1]},
{"frame":28,"values":[0.5815,-0.3485,-0.7351,0,-0.3216,-0.9285,0.1858,0,-0.7473,0.1284,-0.652,0,-0.8538,0.2275,0.4933,1]},
{"frame":41,"values":[0.5815,-0.3485,-0.7351,0,-0.3216,-0.9285,0.1858,0,-0.7473,0.1284,-0.652,0,-0.8538,0.2275,0.4933,1]},
{"frame":42,"values":[0.5815,-0.3485,-0.7351,0,-0.3216,-0.9285,0.1858,0,-0.7473,0.1284,-0.652,0,-0.8602,0.2174,0.4948,1]},
{"frame":43,"values":[0.5815,-0.3485,-0.7351,0,-0.3216,-0.9285,0.1858,0,-0.7473,0.1284,-0.652,0,-0.9046,0.1466,0.5059,1]},
{"frame":44,"values":[0.5815,-0.3485,-0.7351,0,-0.3216,-0.9285,0.1858,0,-0.7473,0.1284,-0.652,0,-0.9961,0.0007,0.5286,1]},
{"frame":45,"values":[0.5815,-0.3485,-0.7351,0,-0.3216,-0.9285,0.1858,0,-0.7473,0.1284,-0.652,0,-1.1253,-0.2055,0.5608,1]},
{"frame":46,"values":[0.5815,-0.3485,-0.7351,0,-0.3216,-0.9285,0.1858,0,-0.7473,0.1284,-0.652,0,-1.2771,-0.4478,0.5986,1]},
{"frame":47,"values":[0.5815,-0.3485,-0.7351,0,-0.3216,-0.9285,0.1858,0,-0.7473,0.1284,-0.652,0,-1.442,-0.7111,0.6396,1]},
{"frame":48,"values":[0.5815,-0.3485,-0.7351,0,-0.3216,-0.9285,0.1858,0,-0.7473,0.1284,-0.652,0,-1.6135,-0.9848,0.6823,1]},
{"frame":49,"values":[0.5815,-0.3485,-0.7351,0,-0.3216,-0.9285,0.1858,0,-0.7473,0.1284,-0.652,0,-1.7867,-1.2615,0.7255,1]},
{"frame":50,"values":[0.5815,-0.3485,-0.7351,0,-0.3216,-0.9285,0.1858,0,-0.7473,0.1284,-0.652,0,-1.9581,-1.535,0.7682,1]},
{"frame":51,"values":[0.5815,-0.3485,-0.7351,0,-0.3216,-0.9285,0.1858,0,-0.7473,0.1284,-0.652,0,-2.1244,-1.8007,0.8096,1]},
{"frame":52,"values":[0.5815,-0.3485,-0.7351,0,-0.3216,-0.9285,0.1858,0,-0.7473,0.1284,-0.652,0,-2.2833,-2.0545,0.8492,1]},
{"frame":53,"values":[0.5815,-0.3485,-0.7351,0,-0.3216,-0.9285,0.1858,0,-0.7473,0.1284,-0.652,0,-2.4324,-2.2925,0.8864,1]},
{"frame":54,"values":[0.5815,-0.3485,-0.7351,0,-0.3216,-0.9285,0.1858,0,-0.7473,0.1284,-0.652,0,-2.5696,-2.5117,0.9206,1]},
{"frame":55,"values":[0.5815,-0.3485,-0.7351,0,-0.3216,-0.9285,0.1858,0,-0.7473,0.1284,-0.652,0,-2.693,-2.7087,0.9513,1]},
{"frame":56,"values":[0.5815,-0.3485,-0.7351,0,-0.3216,-0.9285,0.1858,0,-0.7473,0.1284,-0.652,0,-2.8006,-2.8807,0.9782,1]},
{"frame":57,"values":[0.5815,-0.3485,-0.7351,0,-0.3216,-0.9285,0.1858,0,-0.7473,0.1284,-0.652,0,-2.8907,-3.0246,1.0006,1]},
{"frame":58,"values":[0.5815,-0.3485,-0.7351,0,-0.3216,-0.9285,0.1858,0,-0.7473,0.1284,-0.652,0,-2.9613,-3.1374,1.0182,1]},
{"frame":59,"values":[0.5815,-0.3485,-0.7351,0,-0.3216,-0.9285,0.1858,0,-0.7473,0.1284,-0.652,0,-3.0105,-3.2159,1.0305,1]},
{"frame":60,"values":[0.5815,-0.3485,-0.7351,0,-0.3216,-0.9285,0.1858,0,-0.7473,0.1284,-0.652,0,-3.0361,-3.2568,1.0368,1]},
{"frame":61,"values":[0.5815,-0.3485,-0.7351,0,-0.3216,-0.9285,0.1858,0,-0.7473,0.1284,-0.652,0,-2.9883,-3.1804,1.0249,1]},
{"frame":62,"values":[0.5815,-0.3485,-0.7351,0,-0.3216,-0.9285,0.1858,0,-0.7473,0.1284,-0.652,0,-2.5851,-2.5367,0.9245,1]},
{"frame":63,"values":[0.5815,-0.3485,-0.7351,0,-0.3216,-0.9285,0.1858,0,-0.7473,0.1284,-0.652,0,-1.8978,-1.4394,0.7533,1]},
{"frame":64,"values":[0.5815,-0.3485,-0.7351,0,-0.3216,-0.9285,0.1858,0,-0.7473,0.1284,-0.652,0,-1.2336,-0.379,0.5879,1]},
{"frame":65,"values":[0.5815,-0.3485,-0.7351,0,-0.3216,-0.9285,0.1858,0,-0.7473,0.1284,-0.652,0,-0.8814,0.1835,0.5001,1]},
{"frame":66,"values":[0.5815,-0.3485,-0.7351,0,-0.3216,-0.9285,0.1858,0,-0.7473,0.1284,-0.652,0,-0.8538,0.2275,0.4933,1]},
{"frame":68,"values":[0.5815,-0.3485,-0.7351,0,-0.3216,-0.9285,0.1858,0,-0.7473,0.1284,-0.652,0,-0.8538,0.2275,0.4933,1]},
{"frame":81,"values":[0.5815,-0.3485,-0.7351,0,-0.3216,-0.9285,0.1858,0,-0.7473,0.1284,-0.652,0,-0.8538,0.2275,0.4933,1]},
{"frame":114,"values":[0.5815,-0.3485,-0.7351,0,-0.3216,-0.9285,0.1858,0,-0.7473,0.1284,-0.652,0,-0.8538,0.2275,0.4933,1]},
{"frame":121,"values":[0.5815,-0.3485,-0.7351,0,-0.3216,-0.9285,0.1858,0,-0.7473,0.1284,-0.652,0,-0.8538,0.2275,0.4933,1]},
{"frame":154,"values":[0.5815,-0.3485,-0.7351,0,-0.3216,-0.9285,0.1858,0,-0.7473,0.1284,-0.652,0,-0.8538,0.2275,0.4933,1]},
{"frame":161,"values":[0.5815,-0.3485,-0.7351,0,-0.3216,-0.9285,0.1858,0,-0.7473,0.1284,-0.652,0,-0.8538,0.2275,0.4933,1]},
{"frame":162,"values":[0.5647,-0.3929,-0.7257,0,-0.3701,-0.9066,0.2029,0,-0.7376,0.154,-0.6574,0,-0.701,0.3848,0.4242,1]},
{"frame":163,"values":[0.5098,-0.504,-0.6972,0,-0.4918,-0.8357,0.2445,0,-0.7059,0.2182,-0.6739,0,-0.3015,0.7962,0.2437,1]},
{"frame":164,"values":[0.44,-0.6049,-0.6637,0,-0.6029,-0.7467,0.2809,0,-0.6655,0.2765,-0.6933,0,0.0981,1.2076,0.0631,1]},
{"frame":165,"values":[0.4099,-0.6402,-0.6498,0,-0.6418,-0.7086,0.2932,0,-0.6481,0.2969,-0.7013,0,0.2509,1.3649,-0.0059,1]},
{"frame":233,"values":[0.4099,-0.6402,-0.6498,0,-0.6418,-0.7086,0.2932,0,-0.6481,0.2969,-0.7013,0,0.2509,1.3649,-0.0059,1]},
{"frame":241,"values":[0.5815,-0.3485,-0.7351,0,-0.3216,-0.9285,0.1858,0,-0.7473,0.1284,-0.652,0,-0.8538,0.2275,0.4933,1]},
{"frame":242,"values":[0.5647,-0.3929,-0.7257,0,-0.3701,-0.9066,0.2029,0,-0.7376,0.154,-0.6574,0,-0.701,0.3848,0.4242,1]},
{"frame":243,"values":[0.5098,-0.504,-0.6972,0,-0.4918,-0.8357,0.2445,0,-0.7059,0.2182,-0.6739,0,-0.3015,0.7962,0.2437,1]},
{"frame":244,"values":[0.44,-0.6049,-0.6637,0,-0.6029,-0.7467,0.2809,0,-0.6655,0.2765,-0.6933,0,0.0981,1.2076,0.0631,1]},
{"frame":245,"values":[0.4099,-0.6402,-0.6498,0,-0.6418,-0.7086,0.2932,0,-0.6481,0.2969,-0.7013,0,0.2509,1.3649,-0.0059,1]},
{"frame":313,"values":[0.4099,-0.6402,-0.6498,0,-0.6418,-0.7086,0.2932,0,-0.6481,0.2969,-0.7013,0,0.2509,1.3649,-0.0059,1]},
{"frame":321,"values":[0.5815,-0.3485,-0.7351,0,-0.3216,-0.9285,0.1858,0,-0.7473,0.1284,-0.652,0,-0.8538,0.2275,0.4933,1]},
{"frame":322,"values":[0.5815,-0.3485,-0.7351,0,-0.3216,-0.9285,0.1858,0,-0.7473,0.1284,-0.652,0,-0.8841,0.2401,0.504,1]},
{"frame":323,"values":[0.5815,-0.3485,-0.7351,0,-0.3216,-0.9285,0.1858,0,-0.7473,0.1284,-0.652,0,-0.9692,0.2756,0.5341,1]},
{"frame":324,"values":[0.5815,-0.3485,-0.7351,0,-0.3216,-0.9285,0.1858,0,-0.7473,0.1284,-0.652,0,-1.0786,0.3212,0.5728,1]},
{"frame":325,"values":[0.5815,-0.3485,-0.7351,0,-0.3216,-0.9285,0.1858,0,-0.7473,0.1284,-0.652,0,-1.1638,0.3568,0.6029,1]},
{"frame":326,"values":[0.5815,-0.3485,-0.7351,0,-0.3216,-0.9285,0.1858,0,-0.7473,0.1284,-0.652,0,-1.1941,0.3694,0.6136,1]},
{"frame":327,"values":[0.5815,-0.3485,-0.7351,0,-0.3216,-0.9285,0.1858,0,-0.7473,0.1284,-0.652,0,-1.175,0.3614,0.6069,1]},
{"frame":328,"values":[0.5815,-0.3485,-0.7351,0,-0.3216,-0.9285,0.1858,0,-0.7473,0.1284,-0.652,0,-1.1164,0.337,0.5862,1]},
{"frame":329,"values":[0.5815,-0.3485,-0.7351,0,-0.3216,-0.9285,0.1858,0,-0.7473,0.1284,-0.652,0,-1.028,0.3001,0.5549,1]},
{"frame":330,"values":[0.5815,-0.3485,-0.7351,0,-0.3216,-0.9285,0.1858,0,-0.7473,0.1284,-0.652,0,-0.9337,0.2608,0.5215,1]},
{"frame":331,"values":[0.5815,-0.3485,-0.7351,0,-0.3216,-0.9285,0.1858,0,-0.7473,0.1284,-0.652,0,-0.8538,0.2275,0.4933,1]},
{"frame":332,"values":[0.5815,-0.3485,-0.7351,0,-0.3216,-0.9285,0.1858,0,-0.7473,0.1284,-0.652,0,-0.7703,0.1926,0.4637,1]},
{"frame":333,"values":[0.5815,-0.3485,-0.7351,0,-0.3216,-0.9285,0.1858,0,-0.7473,0.1284,-0.652,0,-0.6724,0.1518,0.4291,1]},
{"frame":334,"values":[0.5815,-0.3485,-0.7351,0,-0.3216,-0.9285,0.1858,0,-0.7473,0.1284,-0.652,0,-0.5975,0.1205,0.4026,1]},
{"frame":335,"values":[0.5815,-0.3485,-0.7351,0,-0.3216,-0.9285,0.1858,0,-0.7473,0.1284,-0.652,0,-0.5721,0.11,0.3936,1]},
{"frame":336,"values":[0.5815,-0.3485,-0.7351,0,-0.3216,-0.9285,0.1858,0,-0.7473,0.1284,-0.652,0,-0.5971,0.1204,0.4025,1]},
{"frame":337,"values":[0.5815,-0.3485,-0.7351,0,-0.3216,-0.9285,0.1858,0,-0.7473,0.1284,-0.652,0,-0.6677,0.1498,0.4274,1]},
{"frame":338,"values":[0.5815,-0.3485,-0.7351,0,-0.3216,-0.9285,0.1858,0,-0.7473,0.1284,-0.652,0,-0.7582,0.1876,0.4594,1]},
{"frame":339,"values":[0.5815,-0.3485,-0.7351,0,-0.3216,-0.9285,0.1858,0,-0.7473,0.1284,-0.652,0,-0.8288,0.217,0.4844,1]},
{"frame":340,"values":[0.5815,-0.3485,-0.7351,0,-0.3216,-0.9285,0.1858,0,-0.7473,0.1284,-0.652,0,-0.8538,0.2275,0.4933,1]},
{"frame":351,"values":[0.5815,-0.3485,-0.7351,0,-0.3216,-0.9285,0.1858,0,-0.7473,0.1284,-0.652,0,-0.8538,0.2275,0.4933,1]},
{"frame":352,"values":[0.5815,-0.3485,-0.7351,0,-0.3216,-0.9285,0.1858,0,-0.7473,0.1284,-0.652,0,-0.8841,0.2401,0.504,1]},
{"frame":353,"values":[0.5815,-0.3485,-0.7351,0,-0.3216,-0.9285,0.1858,0,-0.7473,0.1284,-0.652,0,-0.9692,0.2756,0.5341,1]},
{"frame":354,"values":[0.5815,-0.3485,-0.7351,0,-0.3216,-0.9285,0.1858,0,-0.7473,0.1284,-0.652,0,-1.0786,0.3212,0.5728,1]},
{"frame":355,"values":[0.5815,-0.3485,-0.7351,0,-0.3216,-0.9285,0.1858,0,-0.7473,0.1284,-0.652,0,-1.1638,0.3568,0.6029,1]},
{"frame":356,"values":[0.5815,-0.3485,-0.7351,0,-0.3216,-0.9285,0.1858,0,-0.7473,0.1284,-0.652,0,-1.1941,0.3694,0.6136,1]},
{"frame":357,"values":[0.5815,-0.3485,-0.7351,0,-0.3216,-0.9285,0.1858,0,-0.7473,0.1284,-0.652,0,-1.175,0.3614,0.6069,1]},
{"frame":358,"values":[0.5815,-0.3485,-0.7351,0,-0.3216,-0.9285,0.1858,0,-0.7473,0.1284,-0.652,0,-1.1164,0.337,0.5862,1]},
{"frame":359,"values":[0.5815,-0.3485,-0.7351,0,-0.3216,-0.9285,0.1858,0,-0.7473,0.1284,-0.652,0,-1.028,0.3001,0.5549,1]},
{"frame":360,"values":[0.5815,-0.3485,-0.7351,0,-0.3216,-0.9285,0.1858,0,-0.7473,0.1284,-0.652,0,-0.9337,0.2608,0.5215,1]},
{"frame":361,"values":[0.5815,-0.3485,-0.7351,0,-0.3216,-0.9285,0.1858,0,-0.7473,0.1284,-0.652,0,-0.8538,0.2275,0.4933,1]},
{"frame":362,"values":[0.5815,-0.3485,-0.7351,0,-0.3216,-0.9285,0.1858,0,-0.7473,0.1284,-0.652,0,-0.7703,0.1926,0.4637,1]},
{"frame":363,"values":[0.5815,-0.3485,-0.7351,0,-0.3216,-0.9285,0.1858,0,-0.7473,0.1284,-0.652,0,-0.6724,0.1518,0.4291,1]},
{"frame":364,"values":[0.5815,-0.3485,-0.7351,0,-0.3216,-0.9285,0.1858,0,-0.7473,0.1284,-0.652,0,-0.5975,0.1205,0.4026,1]},
{"frame":365,"values":[0.5815,-0.3485,-0.7351,0,-0.3216,-0.9285,0.1858,0,-0.7473,0.1284,-0.652,0,-0.5721,0.11,0.3936,1]},
{"frame":366,"values":[0.5815,-0.3485,-0.7351,0,-0.3216,-0.9285,0.1858,0,-0.7473,0.1284,-0.652,0,-0.5971,0.1204,0.4025,1]},
{"frame":367,"values":[0.5815,-0.3485,-0.7351,0,-0.3216,-0.9285,0.1858,0,-0.7473,0.1284,-0.652,0,-0.6677,0.1498,0.4274,1]},
{"frame":368,"values":[0.5815,-0.3485,-0.7351,0,-0.3216,-0.9285,0.1858,0,-0.7473,0.1284,-0.652,0,-0.7582,0.1876,0.4594,1]},
{"frame":369,"values":[0.5815,-0.3485,-0.7351,0,-0.3216,-0.9285,0.1858,0,-0.7473,0.1284,-0.652,0,-0.8288,0.217,0.4844,1]},
{"frame":370,"values":[0.5815,-0.3485,-0.7351,0,-0.3216,-0.9285,0.1858,0,-0.7473,0.1284,-0.652,0,-0.8538,0.2275,0.4933,1]},
{"frame":381,"values":[0.5815,-0.3485,-0.7351,0,-0.3216,-0.9285,0.1858,0,-0.7473,0.1284,-0.652,0,-0.8538,0.2275,0.4933,1]},
{"frame":382,"values":[0.5837,-0.342,-0.7364,0,-0.3145,-0.9314,0.1833,0,-0.7486,0.1246,-0.6512,0,-0.8017,0.2418,0.4724,1]},
{"frame":383,"values":[0.59,-0.3225,-0.7402,0,-0.2932,-0.9397,0.1757,0,-0.7522,0.1133,-0.6491,0,-0.6476,0.2843,0.4106,1]},
{"frame":384,"values":[0.5988,-0.2925,-0.7455,0,-0.2606,-0.9514,0.164,0,-0.7573,0.096,-0.6459,0,-0.4128,0.349,0.3165,1]},
{"frame":385,"values":[0.6075,-0.2581,-0.7512,0,-0.2231,-0.9631,0.1505,0,-0.7623,0.0761,-0.6427,0,-0.1465,0.4224,0.2098,1]},
{"frame":386,"values":[0.6141,-0.2274,-0.7558,0,-0.1897,-0.972,0.1384,0,-0.7661,0.0584,-0.64,0,0.0884,0.4871,0.1157,1]},
{"frame":387,"values":[0.6178,-0.2071,-0.7586,0,-0.1677,-0.9772,0.1303,0,-0.7683,0.0467,-0.6384,0,0.2425,0.5296,0.0539,1]},
{"frame":388,"values":[0.6201,-0.2006,-0.7584,0,-0.1568,-0.9789,0.1308,0,-0.7687,0.0378,-0.6385,0,0.2946,0.544,0.0331,1]},
{"frame":389,"values":[0.6202,-0.2008,-0.7583,0,-0.1565,-0.9789,0.1313,0,-0.7686,0.0373,-0.6386,0,0.1827,0.4991,0.0788,1]},
{"frame":390,"values":[0.6203,-0.2014,-0.7581,0,-0.1568,-0.9788,0.1317,0,-0.7686,0.0372,-0.6387,0,-0.154,0.3641,0.2166,1]},
{"frame":391,"values":[0.6201,-0.2025,-0.7579,0,-0.1579,-0.9786,0.1322,0,-0.7685,0.0377,-0.6388,0,-0.7014,0.1446,0.4406,1]},
{"frame":392,"values":[0.6198,-0.2041,-0.7578,0,-0.1599,-0.9782,0.1327,0,-0.7683,0.039,-0.6389,0,-1.4174,-0.1425,0.7336,1]},
{"frame":393,"values":[0.6192,-0.2065,-0.7576,0,-0.1631,-0.9776,0.1332,0,-0.7681,0.0411,-0.639,0,-2.2285,-0.4677,1.0656,1]},
{"frame":394,"values":[0.6183,-0.2096,-0.7574,0,-0.1675,-0.9768,0.1336,0,-0.7679,0.0442,-0.6391,0,-3.0396,-0.793,1.3975,1]},
{"frame":395,"values":[0.6172,-0.2135,-0.7573,0,-0.1729,-0.9758,0.1341,0,-0.7676,0.0482,-0.6392,0,-3.7555,-1.0801,1.6905,1]},
{"frame":396,"values":[0.6158,-0.218,-0.7571,0,-0.1794,-0.9745,0.1346,0,-0.7672,0.0529,-0.6393,0,-4.303,-1.2996,1.9145,1]},
{"frame":397,"values":[0.6149,-0.2231,-0.7564,0,-0.185,-0.9732,0.1367,0,-0.7666,0.0558,-0.6397,0,-4.6396,-1.4346,2.0523,1]},
{"frame":398,"values":[0.6138,-0.2287,-0.7556,0,-0.1911,-0.9717,0.1389,0,-0.766,0.0591,-0.6401,0,-4.7515,-1.4794,2.0981,1]},
{"frame":399,"values":[0.6127,-0.2348,-0.7547,0,-0.1975,-0.9701,0.1414,0,-0.7653,0.0624,-0.6407,0,-4.7345,-1.4322,2.0884,1]},
{"frame":400,"values":[0.6112,-0.2416,-0.7537,0,-0.2051,-0.9681,0.144,0,-0.7645,0.0666,-0.6412,0,-4.6787,-1.2859,2.0572,1]},
{"frame":401,"values":[0.6095,-0.2494,-0.7525,0,-0.2134,-0.9658,0.1473,0,-0.7635,0.0709,-0.6419,0,-4.5799,-1.0471,2.0032,1]},
{"frame":402,"values":[0.6075,-0.2582,-0.7512,0,-0.2232,-0.9631,0.1506,0,-0.7623,0.0762,-0.6427,0,-4.4412,-0.7456,1.9298,1]},
{"frame":403,"values":[0.6052,-0.2679,-0.7497,0,-0.2336,-0.96,0.1544,0,-0.761,0.0817,-0.6436,0,-4.2744,-0.4285,1.8446,1]},
{"frame":404,"values":[0.6027,-0.278,-0.748,0,-0.2447,-0.9566,0.1583,0,-0.7596,0.0876,-0.6445,0,-4.095,-0.1396,1.7565,1]},
{"frame":405,"values":[0.6,-0.2882,-0.7463,0,-0.2559,-0.953,0.1624,0,-0.758,0.0935,-0.6455,0,-3.9152,0.0955,1.6718,1]},
{"frame":406,"values":[0.5964,-0.301,-0.7441,0,-0.2698,-0.9483,0.1674,0,-0.756,0.1009,-0.6468,0,-3.516,0.2537,1.5086,1]},
{"frame":407,"values":[0.5916,-0.3175,-0.7411,0,-0.2878,-0.9418,0.1738,0,-0.7531,0.1105,-0.6485,0,-2.7261,0.3138,1.2027,1]},
{"frame":408,"values":[0.5864,-0.3338,-0.738,0,-0.3055,-0.935,0.1801,0,-0.7502,0.1198,-0.6503,0,-1.7957,0.2942,0.8486,1]},
{"frame":409,"values":[0.5827,-0.3449,-0.7359,0,-0.319,-0.9299,0.1832,0,-0.7474,0.128,-0.6519,0,-1.0973,0.2487,0.5849,1]},
{"frame":410,"values":[0.5815,-0.3485,-0.7351,0,-0.3216,-0.9285,0.1858,0,-0.7473,0.1284,-0.652,0,-0.8538,0.2275,0.4933,1]},
{"frame":421,"values":[0.5815,-0.3485,-0.7351,0,-0.3216,-0.9285,0.1858,0,-0.7473,0.1284,-0.652,0,-0.8538,0.2275,0.4933,1]},
{"frame":422,"values":[0.5837,-0.342,-0.7364,0,-0.3145,-0.9314,0.1833,0,-0.7486,0.1246,-0.6512,0,-0.8017,0.2418,0.4724,1]},
{"frame":423,"values":[0.59,-0.3225,-0.7402,0,-0.2932,-0.9397,0.1757,0,-0.7522,0.1133,-0.6491,0,-0.6476,0.2843,0.4106,1]},
{"frame":424,"values":[0.5988,-0.2925,-0.7455,0,-0.2606,-0.9514,0.164,0,-0.7573,0.096,-0.6459,0,-0.4128,0.349,0.3165,1]},
{"frame":425,"values":[0.6075,-0.2581,-0.7512,0,-0.2231,-0.9631,0.1505,0,-0.7623,0.0761,-0.6427,0,-0.1465,0.4224,0.2098,1]},
{"frame":426,"values":[0.6141,-0.2274,-0.7558,0,-0.1897,-0.972,0.1384,0,-0.7661,0.0584,-0.64,0,0.0884,0.4871,0.1157,1]},
{"frame":427,"values":[0.6178,-0.2071,-0.7586,0,-0.1677,-0.9772,0.1303,0,-0.7683,0.0467,-0.6384,0,0.2425,0.5296,0.0539,1]},
{"frame":428,"values":[0.6201,-0.2006,-0.7584,0,-0.1568,-0.9789,0.1308,0,-0.7687,0.0378,-0.6385,0,0.2946,0.544,0.0331,1]},
{"frame":429,"values":[0.6202,-0.2008,-0.7583,0,-0.1565,-0.9789,0.1313,0,-0.7686,0.0373,-0.6386,0,0.1827,0.4991,0.0788,1]},
{"frame":430,"values":[0.6203,-0.2014,-0.7581,0,-0.1568,-0.9788,0.1317,0,-0.7686,0.0372,-0.6387,0,-0.154,0.3641,0.2166,1]},
{"frame":431,"values":[0.6201,-0.2025,-0.7579,0,-0.1579,-0.9786,0.1322,0,-0.7685,0.0377,-0.6388,0,-0.7014,0.1446,0.4406,1]},
{"frame":432,"values":[0.6198,-0.2041,-0.7578,0,-0.1599,-0.9782,0.1327,0,-0.7683,0.039,-0.6389,0,-1.4174,-0.1425,0.7336,1]},
{"frame":433,"values":[0.6192,-0.2065,-0.7576,0,-0.1631,-0.9776,0.1332,0,-0.7681,0.0411,-0.639,0,-2.2285,-0.4677,1.0656,1]},
{"frame":434,"values":[0.6183,-0.2096,-0.7574,0,-0.1675,-0.9768,0.1336,0,-0.7679,0.0442,-0.6391,0,-3.0396,-0.793,1.3975,1]},
{"frame":435,"values":[0.6172,-0.2135,-0.7573,0,-0.1729,-0.9758,0.1341,0,-0.7676,0.0482,-0.6392,0,-3.7555,-1.0801,1.6905,1]},
{"frame":436,"values":[0.6158,-0.218,-0.7571,0,-0.1794,-0.9745,0.1346,0,-0.7672,0.0529,-0.6393,0,-4.303,-1.2996,1.9145,1]},
{"frame":437,"values":[0.6149,-0.2231,-0.7564,0,-0.185,-0.9732,0.1367,0,-0.7666,0.0558,-0.6397,0,-4.6396,-1.4346,2.0523,1]},
{"frame":438,"values":[0.6138,-0.2287,-0.7556,0,-0.1911,-0.9717,0.1389,0,-0.766,0.0591,-0.6401,0,-4.7515,-1.4794,2.0981,1]},
{"frame":439,"values":[0.6127,-0.2348,-0.7547,0,-0.1975,-0.9701,0.1414,0,-0.7653,0.0624,-0.6407,0,-4.7345,-1.4322,2.0884,1]},
{"frame":440,"values":[0.6112,-0.2416,-0.7537,0,-0.2051,-0.9681,0.144,0,-0.7645,0.0666,-0.6412,0,-4.6787,-1.2859,2.0572,1]},
{"frame":441,"values":[0.6095,-0.2494,-0.7525,0,-0.2134,-0.9658,0.1473,0,-0.7635,0.0709,-0.6419,0,-4.5799,-1.0471,2.0032,1]},
{"frame":442,"values":[0.6075,-0.2582,-0.7512,0,-0.2232,-0.9631,0.1506,0,-0.7623,0.0762,-0.6427,0,-4.4412,-0.7456,1.9298,1]},
{"frame":443,"values":[0.6052,-0.2679,-0.7497,0,-0.2336,-0.96,0.1544,0,-0.761,0.0817,-0.6436,0,-4.2744,-0.4285,1.8446,1]},
{"frame":444,"values":[0.6027,-0.278,-0.748,0,-0.2447,-0.9566,0.1583,0,-0.7596,0.0876,-0.6445,0,-4.095,-0.1396,1.7565,1]},
{"frame":445,"values":[0.6,-0.2882,-0.7463,0,-0.2559,-0.953,0.1624,0,-0.758,0.0935,-0.6455,0,-3.9152,0.0955,1.6718,1]},
{"frame":446,"values":[0.5964,-0.301,-0.7441,0,-0.2698,-0.9483,0.1674,0,-0.756,0.1009,-0.6468,0,-3.516,0.2537,1.5086,1]},
{"frame":447,"values":[0.5916,-0.3175,-0.7411,0,-0.2878,-0.9418,0.1738,0,-0.7531,0.1105,-0.6485,0,-2.7261,0.3138,1.2027,1]},
{"frame":448,"values":[0.5864,-0.3338,-0.738,0,-0.3055,-0.935,0.1801,0,-0.7502,0.1198,-0.6503,0,-1.7957,0.2942,0.8486,1]},
{"frame":449,"values":[0.5827,-0.3449,-0.7359,0,-0.319,-0.9299,0.1832,0,-0.7474,0.128,-0.6519,0,-1.0973,0.2487,0.5849,1]},
{"frame":450,"values":[0.5815,-0.3485,-0.7351,0,-0.3216,-0.9285,0.1858,0,-0.7473,0.1284,-0.652,0,-0.8538,0.2275,0.4933,1]},
{"frame":461,"values":[0.5815,-0.3485,-0.7351,0,-0.3216,-0.9285,0.1858,0,-0.7473,0.1284,-0.652,0,-0.8538,0.2275,0.4933,1]},
{"frame":462,"values":[0.5815,-0.3485,-0.7351,0,-0.3216,-0.9285,0.1858,0,-0.7473,0.1284,-0.652,0,-0.8538,0.2275,0.4933,1]},
